ROI.name	ROI.id	point	x	y
C1	1	1	269.8289454	-308.3759376
C1	1	2	233.6911402	-286.6932545
C1	1	3	240.6228235	-257.049666
C1	1	4	271.2848104	-238.3146938
C1	1	5	284.6380531	-243.1295502
C1	1	6	307.3899283	-270.3397247
C1	1	7	297.8125716	-288.9907488
C1	1	8	284.427737	-302.0713827
C1	2	1	285.0361385	-241.8396266
C1	2	2	308.4595992	-269.5218983
C1	2	3	317.5856229	-270.7387015
C1	2	4	338.8796781	-281.0815283
C1	2	5	344.3552922	-266.4798905
C1	2	6	351.9603119	-247.6194416
C1	2	7	363.8241427	-236.0598116
C1	2	8	355.3065206	-220.8497722
C1	2	9	345.2678946	-211.7237486
C1	2	10	334.620867	-201.3809218
C1	2	11	308.4595992	-202.9019257
C1	2	12	297.8125716	-210.8111462
C1	2	13	284.7319378	-214.1573549
C1	2	14	277.7353196	-224.5001817
C1	2	15	272.2597054	-237.2766148
C1	3	1	364.5648061	-235.3969929
C1	3	2	356.2234849	-220.3090147
C1	3	3	335.2475152	-200.4370435
C1	3	4	345.4659185	-179.88053
C1	3	5	350.5287811	-152.4815089
C1	3	6	363.6326608	-153.6727707
C1	3	7	370.4824161	-148.9077235
C1	3	8	380.3103258	-145.3339381
C1	3	9	394.3076518	-148.0142772
C1	3	10	413.070025	-160.2247105
C1	3	11	425.5782738	-168.2657276
C1	3	12	431.2367673	-179.5827145
C1	3	13	427.067351	-196.8560105
C1	3	14	419.0263339	-216.51183
C1	3	15	412.1765786	-228.1266324
C1	3	16	403.5399307	-222.1703235
C1	3	17	392.2229437	-226.0419243
C1	3	18	378.5234331	-230.2113405
C1	4	1	432.1328935	-178.6903764
C1	4	2	426.6232736	-167.2244106
C1	4	3	395.0546404	-146.5261086
C1	4	4	400.8620777	-130.4439748
C1	4	5	420.6669277	-117.3400138
C1	4	6	427.5167255	-108.8522209
C1	4	7	440.6206864	-101.4067886
C1	4	8	461.3189883	-94.55699083
C1	4	9	469.9556899	-97.83298106
C1	4	10	470.7002331	-107.5120431
C1	4	11	457.1495462	-112.8727544
C1	4	12	455.8093684	-127.3168932
C1	4	13	469.9556899	-136.6981379
C1	4	14	474.8696752	-140.86758
C1	4	15	472.7849542	-152.4824545
C1	4	16	462.0635316	-155.1628102
C1	4	17	439.5783259	-168.5645884
C1	5	1	475.5444697	-140.5534473
C1	5	2	470.360796	-136.1872301
C1	5	3	456.4972343	-127.0380006
C1	5	4	457.962408	-113.4492033
C1	5	5	471.7604983	-108.0680348
C1	5	6	471.2092176	-97.50216839
C1	5	7	488.6373033	-95.44715325
C1	5	8	505.902488	-84.69713257
C1	5	9	527.7282876	-93.81836224
C1	5	10	550.8571199	-128.3487317
C1	5	11	540.4328575	-142.0305762
C1	5	12	523.1676727	-164.8336503
C1	5	13	518.9328161	-171.6745726
C1	5	14	511.7661357	-157.6669699
C1	5	15	495.1524674	-147.2427074
C1	5	16	485.3797213	-144.9624
C1	5	17	473.4074295	-152.2420859
C1	6	1	528.7420385	-93.62792775
C1	6	2	541.6408979	-89.84722758
C1	6	3	547.6455394	-90.18081877
C1	6	4	555.9853192	-93.29433656
C1	6	5	566.9938285	-85.95533035
C1	6	6	578.0023378	-77.28195937
C1	6	7	587.5652853	-74.05724452
C1	6	8	599.12978	-76.28118579
C1	6	9	601.5761154	-86.51131566
C1	6	10	593.6811238	-97.07503673
C1	6	11	588.677256	-101.4117222
C1	6	12	591.5683796	-111.530655
C1	6	13	591.3459855	-120.0928289
C1	6	14	584.5629646	-122.4279673
C1	6	15	568.7729815	-124.5407115
C1	6	16	556.6525016	-126.8758498
C1	6	17	551.5374366	-127.7654263
C1	7	1	592.1084052	-119.8732714
C1	7	2	592.2751955	-111.532342
C1	7	3	589.5374057	-101.6893358
C1	7	4	594.1003887	-97.58265107
C1	7	5	602.3488966	-86.86355246
C1	7	6	599.7043388	-76.08189372
C1	7	7	609.7740012	-69.06364417
C1	7	8	618.7248122	-75.36989739
C1	7	9	627.3704819	-76.48874877
C1	7	10	636.0161517	-68.65678912
C1	7	11	644.7635352	-73.33562216
C1	7	12	654.9349113	-84.72756347
C1	7	13	663.9874361	-87.98240384
C1	7	14	669.0731242	-101.6120479
C1	7	15	667.7508453	-114.1228406
C1	7	16	663.6822949	-120.0222388
C1	7	17	655.0366251	-122.3616553
C1	7	18	643.7307153	-129.5186199
C1	7	19	636.263439	-135.6984348
C1	7	20	624.6762862	-144.7106648
C1	7	21	617.2090099	-149.0880337
C1	7	22	612.831641	-137.2433885
C1	7	23	605.621857	-126.9436971
C1	7	24	602.5319496	-122.5663282
C1	7	25	597.3821038	-123.8537896
C1	8	1	671.0695625	-122.2232867
C1	8	2	665.1321754	-119.9062576
C1	8	3	668.7525334	-113.8240561
C1	8	4	670.3454909	-102.2389105
C1	8	5	665.2769897	-87.90229272
C1	8	6	673.3865917	-85.73007791
C1	8	7	687.4335808	-90.50895049
C1	8	8	696.2672543	-92.82597962
C1	8	9	702.6390845	-98.76336678
C1	8	10	714.0794158	-109.6244408
C1	8	11	715.093116	-123.8162443
C1	8	12	700.3220553	-140.3250768
C1	8	13	691.6331961	-134.2428754
C1	8	14	680.3376791	-128.1606739
C1	9	1	701.2099455	-140.7607634
C1	9	2	716.0814758	-124.2464478
C1	9	3	714.9574648	-109.6343047
C1	9	4	723.2578538	-111.1906276
C1	9	5	736.6595235	-124.073523
C1	9	6	751.8769033	-113.1792625
C1	9	7	766.4025841	-118.7993175
C1	9	8	771.6767896	-142.1441616
C1	9	9	764.8462611	-150.4445506
C1	9	10	759.6553082	-155.8306054
C1	9	11	756.481261	-167.3176335
C1	9	12	753.7606491	-172.4565672
C1	9	13	734.7163656	-172.0031319
C1	9	14	719.1484195	-172.6077123
C1	9	15	709.0216974	-170.1893906
C1	9	16	707.5102463	-158.4000722
C1	9	17	706.1499403	-149.4825109
C1	10	1	754.5763066	-173.0272725
C1	10	2	757.540852	-167.6828751
C1	10	3	760.615659	-156.1510819
C1	10	4	772.6789881	-142.6808197
C1	10	5	783.5269053	-142.5429727
C1	10	6	794.3556108	-147.0394075
C1	10	7	800.3886605	-149.877365
C1	10	8	806.5375377	-157.5490707
C1	10	9	809.4735683	-165.700807
C1	10	10	808.8223803	-172.1651092
C1	10	11	803.1835241	-175.6857954
C1	10	12	797.3917817	-182.9181467
C1	10	13	792.9715317	-190.1982426
C1	10	14	789.8745126	-195.5120214
C1	10	15	782.3084654	-202.7062802
C1	10	16	778.9803082	-201.7381169
C1	10	17	770.242366	-197.0303652
C1	10	18	766.145643	-187.5360933
C1	10	19	755.9879469	-180.7665352
C1	11	1	782.9302277	-203.0441144
C1	11	2	791.0122298	-195.8504141
C1	11	3	798.2364737	-183.2552733
C1	11	4	803.8632992	-176.6059562
C1	11	5	809.8662265	-173.8320407
C1	11	6	819.9369848	-170.4857733
C1	11	7	825.3032425	-173.217929
C1	11	8	831.1403317	-178.0422903
C1	11	9	839.4094819	-179.022096
C1	11	10	843.1851302	-189.1125036
C1	11	11	851.6367106	-204.7282125
C1	11	12	855.5019557	-211.5350323
C1	11	13	846.7731278	-215.9511701
C1	11	14	842.6295564	-222.108504
C1	11	15	842.7011607	-232.1193898
C1	11	16	843.5436911	-242.7007791
C1	11	17	840.8725252	-254.12362
C1	11	18	825.1650619	-251.7234023
C1	11	19	806.0340385	-250.414895
C1	11	20	790.4071757	-251.3783263
C1	11	21	788.2226763	-237.4635133
C1	11	22	786.2985106	-223.8790201
C1	11	23	784.7052042	-213.5680396
C1	11	24	783.3626959	-206.7007694
C1	12	1	842.2978389	-254.7302198
C1	12	2	845.1096157	-243.2666473
C1	12	3	844.4399006	-223.2443839
C1	12	4	848.2920937	-217.548947
C1	12	5	857.1500049	-212.6832448
C1	12	6	877.0600729	-217.2394747
C1	12	7	889.0217534	-226.6853176
C1	12	8	904.3392596	-235.7558728
C1	12	9	903.6232678	-253.1382081
C1	12	10	900.8701622	-264.2776259
C1	12	11	896.9783611	-269.9076059
C1	12	12	890.9891753	-266.7794199
C1	12	13	885.83975	-272.4395353
C1	12	14	869.1914575	-287.3026791
C1	12	15	868.6883734	-278.9066747
C1	13	1	871.2423891	-321.0139189
C1	13	2	869.3650451	-288.4237475
C1	13	3	891.1888711	-267.8407753
C1	13	4	897.468873	-270.919549
C1	13	5	909.7513777	-271.2211836
C1	13	6	915.2781677	-269.4767892
C1	13	7	920.1262503	-276.1015425
C1	13	8	930.2924343	-284.5039059
C1	13	9	936.4481081	-290.6577008
C1	13	10	931.7607694	-309.0877488
C1	13	11	925.6254612	-322.1304457
C1	13	12	918.4087975	-332.8543851
C1	13	13	902.4027907	-331.479423
C1	13	14	885.3329758	-328.517992
C1	14	1	941.3861964	-371.034395
C1	14	2	919.6585601	-333.498585
C1	14	3	927.0096077	-321.922644
C1	14	4	932.871532	-309.010982
C1	14	5	942.3042359	-305.6135821
C1	14	6	955.0425181	-311.3939482
C1	14	7	945.8269952	-334.5857851
C1	14	8	957.2398198	-342.2835922
C1	14	9	968.5095056	-347.5848728
C1	14	10	967.441184	-363.8101786
C1	14	11	961.1298656	-372.275547
C1	15	1	941.5260455	-372.185045
C1	15	2	943.3615899	-377.792723
C1	15	3	938.9648567	-387.2723418
C1	15	4	931.116607	-404.3166099
C1	15	5	936.5288424	-418.0977332
C1	15	6	957.5760416	-428.9284267
C1	15	7	968.6500129	-434.1489496
C1	15	8	976.9631811	-427.1057693
C1	15	9	991.7274226	-421.8060497
C1	15	10	997.0601613	-399.5963258
C1	15	11	987.0815241	-383.352566
C1	15	12	969.984029	-379.516811
C1	15	13	961.7615111	-373.5431907
C1	16	1	966.3692621	-484.4602038
C1	16	2	970.7080234	-434.5394042
C1	16	3	977.6734085	-428.4217038
C1	16	4	992.6209676	-423.2175931
C1	16	5	1011.810309	-432.9553192
C1	16	6	1024.893494	-449.9706897
C1	16	7	1027.525641	-460.4760891
C1	16	8	1024.667367	-471.8149673
C1	16	9	1009.56807	-486.3530892
C1	16	10	1000.188281	-493.8999764
C1	16	11	990.1926567	-491.7233433
C1	16	12	977.6881125	-490.6866264
C1	17	1	922.9851728	-503.1828978
C1	17	2	949.541884	-499.982258
C1	17	3	960.1214263	-494.9372938
C1	17	4	966.2295806	-484.9160541
C1	17	5	977.5230837	-491.3091298
C1	17	6	990.3329188	-492.299537
C1	17	7	1000.17098	-494.4340172
C1	17	8	1013.93792	-520.0187429
C1	17	9	1016.634161	-527.8342114
C1	17	10	1003.734828	-551.0208603
C1	17	11	993.4661553	-553.3239329
C1	17	12	980.7442793	-555.2338368
C1	17	13	969.4410883	-563.7626654
C1	17	14	963.376071	-569.8617585
C1	17	15	962.1730969	-582.0663751
C1	17	16	950.963779	-571.2151829
C1	17	17	933.1956528	-564.7309566
C1	17	18	920.7049205	-559.2394568
C1	17	19	918.3234077	-542.1258605
C1	17	20	917.1840891	-516.2301097
C1	17	21	918.4275694	-505.2625431
C1	18	1	963.3937424	-582.2828494
C1	18	2	964.6032782	-570.0800063
C1	18	3	970.8705252	-563.8103272
C1	18	4	981.1337034	-556.1462762
C1	18	5	993.4988523	-554.4393749
C1	18	6	1003.971514	-551.9959168
C1	18	7	1016.840632	-570.9056681
C1	18	8	1016.423991	-577.383161
C1	18	9	1026.832299	-591.0881816
C1	18	10	1016.387576	-605.0897757
C1	18	11	1011.49948	-611.8188745
C1	18	12	1004.270412	-614.70377
C1	18	13	994.6607955	-625.1530729
C1	18	14	987.237375	-628.7095065
C1	18	15	977.8563327	-624.2718511
C1	18	16	970.2649847	-617.6857154
C1	18	17	970.6927639	-608.1622422
C1	18	18	969.1880012	-602.6489924
C1	18	19	963.673154	-595.919245
C1	18	20	964.3162466	-588.9734897
C1	19	1	969.6041209	-618.0653206
C1	19	2	977.0091253	-624.7919986
C1	19	3	986.8985974	-629.6349277
C1	19	4	995.2614167	-625.960715
C1	19	5	1005.27228	-615.2348192
C1	19	6	1006.53916	-625.5301015
C1	19	7	1012.139579	-634.489941
C1	19	8	1014.895605	-660.0379123
C1	19	9	1004.292925	-665.7631263
C1	19	10	991.4898259	-670.8750099
C1	19	11	971.8124457	-658.1891197
C1	19	12	955.6696702	-658.345314
C1	19	13	951.3176277	-661.5486671
C1	19	14	955.1824762	-643.5461559
C1	19	15	959.660781	-628.2600557
C1	19	16	964.1295283	-619.9548803
C1	20	1	926.363251	-672.2165494
C1	20	2	937.4421228	-670.6694959
C1	20	3	944.1903582	-668.7366088
C1	20	4	950.2756058	-664.4322741
C1	20	5	951.6740954	-662.0942269
C1	20	6	955.8870949	-658.9441313
C1	20	7	971.4850458	-658.605045
C1	20	8	991.1834074	-671.3191757
C1	20	9	994.2313118	-684.8319954
C1	20	10	995.2880108	-694.1257741
C1	20	11	994.3033041	-701.0015103
C1	20	12	989.7417674	-711.4003669
C1	20	13	982.853615	-719.9139504
C1	20	14	979.838231	-722.04685
C1	20	15	972.7972315	-725.6274019
C1	20	16	962.3192923	-726.1907466
C1	20	17	958.7305792	-725.1037127
C1	20	18	947.8563036	-716.2794772
C1	20	19	939.058057	-713.2377283
C1	20	20	929.9088454	-709.5209497
C1	20	21	932.7960433	-702.0139035
C1	20	22	932.7860195	-691.6985604
C1	20	23	925.2739614	-683.6536909
C1	21	1	899.7518509	-735.0350729
C1	21	2	915.6221333	-723.5235316
C1	21	3	925.8088378	-714.8887391
C1	21	4	929.5650336	-710.3048093
C1	21	5	947.6015533	-717.208091
C1	21	6	958.6862169	-726.1227259
C1	21	7	962.4639077	-726.9805579
C1	21	8	972.859851	-726.4172232
C1	21	9	979.1224458	-739.7318241
C1	21	10	980.147181	-752.9905442
C1	21	11	977.7195592	-760.8248569
C1	21	12	975.1243281	-769.1111081
C1	21	13	971.1394204	-775.0081691
C1	21	14	964.7339677	-781.9920647
C1	21	15	960.0930992	-784.9680999
C1	21	16	947.6159496	-783.3681418
C1	21	17	935.9114964	-784.5945927
C1	21	18	925.8818144	-776.0506765
C1	21	19	910.4983807	-767.3074448
C1	21	20	904.7458119	-765.2437944
C1	21	21	905.2182859	-751.6741377
C1	22	1	870.8781148	-789.8064286
C1	22	2	883.7637054	-782.259332
C1	22	3	893.5755856	-775.588091
C1	22	4	904.4546638	-766.090672
C1	22	5	910.0433929	-768.0186167
C1	22	6	925.7674246	-777.1204769
C1	22	7	935.8110064	-785.7331894
C1	22	8	939.6328296	-803.7824476
C1	22	9	941.1554935	-818.8989875
C1	22	10	938.3580736	-823.218953
C1	22	11	924.811681	-833.5812621
C1	22	12	909.3970025	-835.5099145
C1	22	13	894.8766213	-828.221447
C1	22	14	890.1188144	-815.9785609
C1	22	15	884.0256482	-800.1928492
EP	23	1	239.9908877	-256.0021413
EP	23	2	234.1394185	-236.199833
EP	23	3	245.2332398	-228.0285371
EP	23	4	256.3922106	-225.4509781
EP	23	5	268.0025861	-231.6095612
EP	23	6	270.4614415	-237.307112
EP	24	1	271.1341863	-236.9889105
EP	24	2	273.6661782	-231.6734303
EP	24	3	276.3609828	-224.185183
EP	24	4	284.4307619	-213.4927383
EP	24	5	296.7487066	-209.9915686
EP	24	6	279.3826697	-182.8288323
EP	24	7	267.1498644	-190.045837
EP	24	8	258.0845089	-205.2311976
EP	24	9	256.5500371	-225.0694369
EP	24	10	262.1896081	-227.9066311
EP	24	11	268.3796432	-231.1850573
EP	25	1	279.9463268	-182.4123678
EP	25	2	304.1491311	-173.673276
EP	25	3	311.3151679	-169.1136436
EP	25	4	321.9462111	-148.0074041
EP	25	5	327.1651776	-147.3683821
EP	25	6	336.4546068	-146.9472315
EP	25	7	344.7263122	-148.9933477
EP	25	8	349.186421	-151.6930985
EP	25	9	348.7794335	-156.2803326
EP	25	10	347.6224203	-162.0980003
EP	25	11	345.4303969	-170.9823613
EP	25	12	344.4466102	-178.6311663
EP	25	13	342.5122521	-183.2354748
EP	25	14	338.624754	-190.7639844
EP	25	15	335.0359001	-197.6781308
EP	25	16	333.3779894	-199.6824945
EP	25	17	328.1917594	-200.3514962
EP	25	18	317.6580249	-200.9275217
EP	25	19	309.562961	-201.0180168
EP	25	20	306.8273537	-202.2706474
EP	25	21	302.2310451	-206.1540451
EP	25	22	297.5464718	-209.7073494
EP	26	1	339.0436987	-146.4135788
EP	26	2	343.5783888	-141.5016327
EP	26	3	351.2529888	-134.4133456
EP	26	4	361.925978	-128.3155624
EP	26	5	375.105457	-126.9141627
EP	26	6	389.4371047	-128.7537348
EP	26	7	396.8084335	-130.0946456
EP	26	8	399.7529249	-130.2833306
EP	26	9	396.1817082	-141.2083024
EP	26	10	393.9142051	-147.0313873
EP	26	11	380.40843	-144.2350465
EP	26	12	370.0337799	-148.0428811
EP	26	13	363.4620685	-152.7768299
EP	26	14	350.0147069	-151.3162679
EP	26	15	345.695882	-148.2773151
EP	27	1	400.955441	-129.6415434
EP	27	2	405.6160132	-121.3961644
EP	27	3	410.1473026	-112.2751099
EP	27	4	419.6564176	-103.0248255
EP	27	5	433.590956	-90.83609545
EP	27	6	446.3676508	-84.32453806
EP	27	7	452.6090535	-82.59090199
EP	27	8	461.7947892	-84.48341657
EP	27	9	468.4181264	-88.22715489
EP	27	10	473.1431412	-95.8026765
EP	27	11	469.7462255	-96.29042409
EP	27	12	465.5676991	-94.37446619
EP	27	13	460.0256966	-93.29302549
EP	27	14	454.0546342	-95.17946721
EP	27	15	448.8240773	-96.8602233
EP	27	16	439.4972311	-99.7927287
EP	27	17	426.93797	-107.4973211
EP	27	18	418.4044297	-117.3882117
EP	27	19	405.3867517	-125.9038249
EP	28	1	474.4911128	-96.16549299
EP	28	2	468.9469605	-87.78681305
EP	28	3	461.9786711	-83.28863626
EP	28	4	473.9567701	-75.58305228
EP	28	5	483.6579968	-81.55604692
EP	28	6	487.1836303	-82.98939676
EP	28	7	495.0599941	-74.99341197
EP	28	8	496.3643023	-71.32490726
EP	28	9	503.7151413	-73.66161083
EP	28	10	507.5504841	-79.24733449
EP	28	11	506.208179	-83.43420061
EP	28	12	500.2249445	-86.92476516
EP	28	13	488.506177	-94.50654374
EP	29	1	506.9197833	-84.24883875
EP	29	2	508.3288753	-79.23414178
EP	29	3	504.3443584	-73.08183311
EP	29	4	497.0172859	-70.61236692
EP	29	5	503.8557041	-63.18977282
EP	29	6	515.7093907	-65.63601571
EP	29	7	524.2884646	-71.47823171
EP	29	8	535.1677248	-73.41403175
EP	29	9	539.9031072	-69.60662908
EP	29	10	547.5086182	-81.87175791
EP	29	11	551.387443	-91.02864642
EP	29	12	547.4787034	-89.42705117
EP	29	13	542.0148279	-89.2748998
EP	29	14	528.1539192	-93.28641105
EP	30	1	551.8659418	-91.2588196
EP	30	2	555.8875588	-92.71747108
EP	30	3	577.8132371	-76.66137741
EP	30	4	587.6387839	-73.52762403
EP	30	5	599.1026663	-75.68041384
EP	30	6	598.3913322	-67.34368995
EP	30	7	594.7262989	-61.65776891
EP	30	8	587.6421941	-56.67111322
EP	30	9	577.0520773	-58.01168359
EP	30	10	566.5633836	-59.62547615
EP	30	11	551.8383656	-63.22633368
EP	30	12	540.8780841	-68.1757119
EP	30	13	540.1077487	-69.0315999
EP	30	14	548.5068984	-82.02725165
EP	31	1	599.7745234	-74.92456519
EP	31	2	609.707694	-67.88653203
EP	31	3	619.0825795	-74.45866954
EP	31	4	626.9362363	-75.67327911
EP	31	5	636.188692	-67.64115065
EP	31	6	645.4229738	-72.78492564
EP	31	7	655.4152719	-83.95916123
EP	31	8	664.4856031	-86.98192428
EP	31	9	672.5903817	-84.67465846
EP	31	10	668.3167294	-66.23461496
EP	31	11	660.2135163	-60.35927895
EP	31	12	635.5536499	-52.91547592
EP	31	13	608.8594209	-42.72027013
EP	31	14	587.995354	-55.99784291
EP	31	15	595.4256344	-61.10996675
EP	31	16	599.372951	-67.12538456
EP	32	1	673.4925167	-84.79306291
EP	32	2	696.5897514	-91.7004518
EP	32	3	714.2715414	-108.6032214
EP	32	4	723.6989081	-110.0740033
EP	32	5	736.6021874	-122.8839974
EP	32	6	737.6932098	-109.360605
EP	32	7	734.4994063	-99.22036201
EP	32	8	727.1656155	-105.3649343
EP	32	9	717.2857973	-94.77330737
EP	32	10	710.2004977	-85.34430364
EP	32	11	699.415207	-80.87392775
EP	32	12	682.4565898	-69.65079981
EP	32	13	669.7887533	-66.69405236
EP	33	1	737.0903686	-122.906581
EP	33	2	738.2415826	-109.1573716
EP	33	3	735.037567	-98.98256432
EP	33	4	742.562166	-98.6722799
EP	33	5	766.467094	-108.6592176
EP	33	6	778.1482086	-115.6872336
EP	33	7	783.7840182	-124.0521086
EP	33	8	783.2015711	-135.3460003
EP	33	9	772.3674658	-141.6811017
EP	33	10	766.9280718	-118.1333198
EP	33	11	751.9952409	-112.1213818
EP	34	1	773.0969608	-142.0965525
EP	34	2	783.8846223	-135.5739678
EP	34	3	794.7766921	-139.9243385
EP	34	4	804.0951113	-136.46524
EP	34	5	807.5133314	-139.1281104
EP	34	6	806.0727816	-145.9065113
EP	34	7	801.0202056	-149.362396
EP	34	8	794.6822653	-146.4534062
EP	34	9	783.8101974	-141.9189026
EP	35	1	808.3104902	-139.3699625
EP	35	2	806.4609185	-146.2178865
EP	35	3	801.4322211	-149.8871142
EP	35	4	807.2191237	-157.1318399
EP	35	5	810.2433049	-165.5622847
EP	35	6	809.4757943	-173.0428892
EP	35	7	820.1941242	-169.9287922
EP	35	8	825.5857776	-172.7303223
EP	35	9	831.4121288	-177.5338509
EP	35	10	835.6550767	-169.0159723
EP	35	11	828.3796655	-168.0892223
EP	35	12	820.0438564	-163.7414827
EP	35	13	818.3934846	-157.0320698
EP	35	14	821.1012324	-150.7454465
EP	35	15	816.1596931	-143.5772805
EP	36	1	832.2043197	-177.5040902
EP	36	2	836.3487114	-168.9887376
EP	36	3	848.9203672	-162.3872901
EP	36	4	871.610594	-165.360961
EP	36	5	880.3154873	-171.1127569
EP	36	6	885.470925	-182.4726075
EP	36	7	884.1086236	-193.9726077
EP	36	8	881.2385229	-203.2167063
EP	36	9	877.9042107	-210.487896
EP	36	10	876.8783194	-216.3320709
EP	36	11	856.8906409	-211.5187002
EP	36	12	848.4802188	-196.5257311
EP	36	13	844.1391522	-188.259392
EP	36	14	839.9504434	-178.3348615
EP	37	1	877.6279937	-216.4157649
EP	37	2	878.6445364	-210.6681455
EP	37	3	882.143887	-203.1404925
EP	37	4	885.0039572	-194.2846414
EP	37	5	894.2640007	-193.6492804
EP	37	6	900.9695916	-203.5358916
EP	37	7	907.6544457	-219.6570177
EP	37	8	913.3872896	-226.7134793
EP	37	9	921.6315714	-223.3417715
EP	37	10	933.5854159	-229.6422422
EP	37	11	941.9976859	-236.7580445
EP	37	12	938.6758905	-252.8835358
EP	37	13	928.8394518	-262.4918907
EP	37	14	918.9757494	-268.0149548
EP	37	15	916.6604251	-270.2665446
EP	37	16	915.0253305	-268.7380832
EP	37	17	909.8181558	-270.6329103
EP	37	18	897.8033244	-270.0665245
EP	37	19	901.7791373	-264.4436488
EP	37	20	904.5882829	-253.1097799
EP	37	21	905.4168266	-235.2124948
EP	37	22	889.6198666	-226.0481025
EP	38	1	918.4207025	-271.3184487
EP	38	2	920.4137935	-268.7270856
EP	38	3	928.1223282	-264.3722675
EP	38	4	939.5428961	-254.2204683
EP	38	5	942.2473596	-263.8085911
EP	38	6	939.7741559	-275.6821641
EP	38	7	951.2705981	-282.4893452
EP	38	8	955.3039231	-286.4043094
EP	38	9	951.1461716	-297.861298
EP	38	10	960.2752237	-305.8520736
EP	38	11	956.9876656	-310.494393
EP	38	12	952.0157611	-308.8017532
EP	38	13	942.7626852	-304.3461808
EP	38	14	933.7070785	-307.2193822
EP	38	15	938.1365498	-290.281645
EP	38	16	931.5013408	-283.6670753
EP	38	17	921.7606641	-276.1270771
EP	39	1	947.7074165	-333.5284186
EP	39	2	956.39289	-313.0110261
EP	39	3	960.4935828	-307.7579723
EP	39	4	971.551073	-327.4748299
EP	39	5	985.866378	-344.8637645
EP	39	6	983.7725247	-348.820595
EP	39	7	973.5193401	-349.0999126
EP	39	8	968.5308099	-345.7550839
EP	39	9	957.8280507	-341.3556429
EP	40	1	962.3376167	-372.2336249
EP	40	2	968.3589212	-364.111787
EP	40	3	969.6285439	-347.8395431
EP	40	4	973.4069345	-349.9621672
EP	40	5	984.6615134	-349.4348454
EP	40	6	986.5493407	-345.4596159
EP	40	7	1000.641086	-368.0723808
EP	40	8	996.1398262	-376.7385602
EP	40	9	987.5240786	-381.9696523
EP	40	10	970.938865	-378.7202711
EP	41	1	987.85825	-382.4850548
EP	41	2	997.7662514	-399.0099465
EP	41	3	999.9954191	-394.7974076
EP	41	4	1007.20437	-390.016382
EP	41	5	1011.33652	-389.8649703
EP	41	6	1016.164891	-385.164334
EP	41	7	1016.688087	-381.0670776
EP	41	8	1014.140039	-375.937016
EP	41	9	1008.270007	-368.025255
EP	41	10	1005.534111	-365.3696454
EP	41	11	1001.61819	-368.1203977
EP	41	12	996.9475375	-377.2266367
EP	42	1	992.7593673	-422.3217886
EP	42	2	997.8023456	-399.7281559
EP	42	3	1000.740825	-395.4308968
EP	42	4	1007.300899	-390.7043982
EP	42	5	1011.551595	-390.5159966
EP	42	6	1016.739566	-386.0601365
EP	42	7	1018.942209	-391.1565583
EP	42	8	1019.223738	-401.661016
EP	42	9	1020.82135	-412.33353
EP	42	10	1029.852415	-426.5233361
EP	42	11	1029.383635	-432.8480172
EP	42	12	1022.358791	-435.7674436
EP	42	13	1017.96984	-439.2731329
EP	42	14	1012.739315	-432.4703587
EP	43	1	1018.681982	-440.1238079
EP	43	2	1022.82704	-436.549229
EP	43	3	1030.473748	-433.5624886
EP	43	4	1030.878981	-426.9339628
EP	43	5	1037.463675	-429.8196391
EP	43	6	1042.19629	-442.686746
EP	43	7	1042.679247	-452.1042827
EP	43	8	1040.178318	-456.7682098
EP	43	9	1035.398611	-475.2604465
EP	43	10	1033.938363	-480.76567
EP	43	11	1025.159754	-473.1481556
EP	43	12	1028.582085	-460.5394261
EP	43	13	1025.888316	-449.5520851
EP	44	1	1001.548858	-494.2284551
EP	44	2	1017.978876	-499.4999644
EP	44	3	1029.047133	-495.2965153
EP	44	4	1033.998043	-483.796428
EP	44	5	1033.172064	-481.2476469
EP	44	6	1024.588285	-473.6922279
EP	44	7	1010.597628	-486.7059729
EP	45	1	1001.855801	-495.3132043
EP	45	2	1018.286749	-500.6380187
EP	45	3	1020.815987	-508.810426
EP	45	4	1030.446718	-524.4196738
EP	45	5	1032.373796	-534.3900227
EP	45	6	1018.313102	-552.9932089
EP	45	7	1005.392033	-550.9029211
EP	45	8	1018.188107	-528.2135313
EP	45	9	1014.87603	-519.4819657
EP	46	1	1005.202557	-551.8440572
EP	46	2	1018.516353	-553.9172538
EP	46	3	1035.290774	-568.3514421
EP	46	4	1046.304572	-581.3651725
EP	46	5	1048.149155	-599.2062563
EP	46	6	1041.56263	-601.3282353
EP	46	7	1027.800704	-590.8894603
EP	46	8	1017.369388	-577.1854815
EP	46	9	1018.017049	-570.8007342
EP	47	1	1006.311015	-614.788195
EP	47	2	1012.670623	-612.1898997
EP	47	3	1027.4806	-592.1606785
EP	47	4	1041.465049	-602.4293142
EP	47	5	1048.821925	-599.8263809
EP	47	6	1051.786325	-607.5834029
EP	47	7	1049.281357	-620.7101398
EP	47	8	1048.449032	-631.9971695
EP	47	9	1039.435226	-643.0404377
EP	47	10	1030.541854	-645.577097
EP	47	11	1024.563304	-635.9438117
EP	47	12	1016.261305	-636.117674
EP	47	13	1013.581812	-637.877883
EP	47	14	1012.976358	-633.830594
EP	47	15	1007.449074	-625.1418597
EP	48	1	1013.3481	-638.9162345
EP	48	2	1016.341971	-636.6907797
EP	48	3	1024.326641	-636.5050064
EP	48	4	1030.43023	-646.2251018
EP	48	5	1039.571865	-643.4682237
EP	48	6	1038.614206	-654.1547479
EP	48	7	1035.083455	-667.4992967
EP	48	8	1030.98408	-674.3029817
EP	48	9	1027.459996	-674.4468587
EP	48	10	1030.067018	-666.5392155
EP	48	11	1021.019429	-662.8138481
EP	48	12	1015.643371	-659.9622718
EP	49	1	996.3116718	-695.1907289
EP	49	2	1001.650562	-697.2451974
EP	49	3	1011.941331	-703.1807841
EP	49	4	1016.885954	-705.1448287
EP	49	5	1028.214729	-700.8475721
EP	49	6	1029.079179	-696.8000058
EP	49	7	1021.504863	-690.4339535
EP	49	8	1019.721594	-687.6307041
EP	49	9	1023.063723	-679.0436264
EP	49	10	1026.724204	-674.7753867
EP	49	11	1028.929109	-667.1272549
EP	49	12	1015.091404	-661.1896053
EP	49	13	1005.104588	-666.1777178
EP	49	14	992.191527	-671.6758748
EP	49	15	995.3674984	-685.1098254
EP	50	1	980.7766924	-722.411045
EP	50	2	989.603563	-722.8894665
EP	50	3	995.9460863	-730.8297343
EP	50	4	1000.716335	-737.2404841
EP	50	5	1005.129749	-735.4246502
EP	50	6	1002.752058	-728.0354861
EP	50	7	1005.41373	-722.3488377
EP	50	8	1016.395961	-714.4981107
EP	50	9	1016.773981	-705.7801883
EP	50	10	1011.958919	-703.9217262
EP	50	11	1001.529827	-698.0984961
EP	50	12	995.9777683	-696.1652739
EP	50	13	995.3305475	-701.3712515
EP	50	14	990.8168181	-711.5162126
EP	50	15	983.4832635	-720.3922878
EP	51	1	973.5713178	-726.1640085
EP	51	2	979.8128423	-722.8724264
EP	51	3	989.1124537	-723.5459386
EP	51	4	1000.466958	-737.9182905
EP	51	5	998.4964851	-745.320332
EP	51	6	997.1137778	-755.3134696
EP	51	7	1000.5146	-762.7331409
EP	51	8	997.7256914	-769.6505618
EP	51	9	989.6342573	-768.708083
EP	51	10	987.0956086	-764.1791586
EP	51	11	990.3077695	-759.4084717
EP	51	12	988.9287724	-751.7901227
EP	51	13	981.0379803	-752.6353222
EP	51	14	979.9244666	-739.4306752
EP	52	1	980.8099846	-753.6698229
EP	52	2	988.1540656	-752.6145673
EP	52	3	989.6704903	-759.2333443
EP	52	4	986.2854487	-764.2809816
EP	52	5	989.2537654	-769.223909
EP	52	6	986.2119291	-774.1736711
EP	52	7	976.5782393	-785.6793767
EP	52	8	979.4441873	-799.3727567
EP	52	9	979.7198581	-806.9762714
EP	52	10	972.7751889	-803.3157668
EP	52	11	969.2638571	-796.0783216
EP	52	12	963.9245196	-787.7663819
EP	52	13	960.6264592	-785.4410892
EP	52	14	965.4319761	-782.7717415
EP	52	15	971.6906686	-775.8283561
EP	52	16	975.7527186	-769.7711913
EP	52	17	978.7870782	-760.1103702
EP	53	1	936.6139714	-785.5182024
EP	53	2	947.3787436	-784.4657856
EP	53	3	959.5690837	-785.9795792
EP	53	4	963.472972	-788.7815744
EP	53	5	968.7390531	-796.5505276
EP	53	6	972.1595303	-803.8145134
EP	53	7	969.1342818	-808.1716823
EP	53	8	954.6517216	-803.8508158
EP	53	9	955.3378162	-809.9151566
EP	53	10	958.7526837	-816.0359731
EP	53	11	951.4050606	-819.9050345
EP	53	12	942.7323098	-818.959305
EP	53	13	940.5877864	-802.43917
C2	54	1	270.0458252	-309.6347488
C2	54	2	285.2848331	-302.9864524
C2	54	3	299.0249585	-289.5068599
C2	54	4	308.2835967	-271.341028
C2	54	5	317.3453268	-271.7759422
C2	54	6	338.8394225	-282.2883698
C2	54	7	360.8592567	-302.9818296
C2	54	8	366.7581318	-310.3428667
C2	54	9	371.0254064	-324.0481555
C2	54	10	365.5970213	-341.1580246
C2	54	11	353.1689541	-355.8184002
C2	54	12	350.9673399	-365.6414875
C2	54	13	337.3992451	-387.2595345
C2	54	14	302.7747459	-381.7638701
C2	54	15	266.0047503	-355.1542884
C2	54	16	265.6252579	-341.6912981
C2	54	17	261.6255503	-305.2741313
C2	55	1	367.8533424	-309.6460873
C2	55	2	362.1000591	-302.2725977
C2	55	3	340.0075776	-281.3955715
C2	55	4	352.9382648	-247.9868972
C2	55	5	364.9956273	-236.3118733
C2	55	6	403.6121025	-223.4255164
C2	55	7	411.3911211	-228.842409
C2	55	8	420.7218639	-237.253963
C2	55	9	429.7541481	-249.8065095
C2	55	10	434.8006684	-255.8807713
C2	55	11	441.5343854	-273.560046
C2	55	12	435.0931446	-291.1964182
C2	55	13	424.3080028	-308.0580208
C2	55	14	416.760381	-315.0827992
C2	55	15	407.3026225	-308.0569751
C2	55	16	392.7919304	-316.4270218
C2	55	17	372.0057727	-323.3402982
C2	56	1	442.6237514	-272.7343298
C2	56	2	435.8757891	-255.0766798
C2	56	3	421.1145345	-236.5050231
C2	56	4	413.4541668	-228.7382231
C2	56	5	420.0450206	-216.4268173
C2	56	6	428.0055661	-197.5607254
C2	56	7	432.9296563	-180.0127103
C2	56	8	440.2636591	-169.6858605
C2	56	9	462.173081	-156.3448771
C2	56	10	473.5315791	-153.3813231
C2	56	11	485.2094709	-146.3155684
C2	56	12	494.2640194	-148.197364
C2	56	13	510.2496325	-158.0738021
C2	56	14	518.4423552	-173.0633686
C2	56	15	520.3742609	-194.7194236
C2	56	16	523.7402838	-215.2501118
C2	56	17	527.6870739	-229.6573098
C2	56	18	512.4827269	-257.0248688
C2	56	19	491.4657277	-248.8707223
C2	56	20	474.9424645	-260.2124381
C2	56	21	453.2363773	-266.2993204
C2	57	1	525.8370338	-215.0897899
C2	57	2	522.5694843	-201.5494095
C2	57	3	519.5028906	-172.8529137
C2	57	4	527.0156476	-161.4419952
C2	57	5	551.9681279	-128.932311
C2	57	6	585.075019	-123.225203
C2	57	7	591.2394952	-121.205161
C2	57	8	597.1099866	-125.2371891
C2	57	9	601.9852153	-124.0466312
C2	57	10	611.6608391	-137.8982896
C2	57	11	615.9048651	-149.7018824
C2	57	12	617.5393864	-160.1297615
C2	57	13	621.4390409	-186.3688149
C2	57	14	614.6901719	-196.7463074
C2	57	15	596.136217	-204.0524479
C2	57	16	584.0350626	-218.0952341
C2	57	17	574.4473979	-209.778933
C2	57	18	557.8723358	-213.0774921
C2	57	19	539.8941272	-212.2041843
C2	58	1	616.2111405	-196.4908346
C2	58	2	622.7362123	-186.6940635
C2	58	3	617.6798632	-150.1638042
C2	58	4	625.362023	-146.028388
C2	58	5	644.3982123	-130.6698601
C2	58	6	655.6778037	-123.5144069
C2	58	7	664.9550696	-121.4121151
C2	58	8	669.7854372	-123.250425
C2	58	9	678.2748342	-128.9848084
C2	58	10	690.7854309	-135.7900428
C2	58	11	699.5502404	-141.3836401
C2	58	12	704.7176182	-149.9972744
C2	58	13	707.633307	-169.8359509
C2	58	14	699.347183	-186.9247321
C2	58	15	682.5199323	-214.2155732
C2	58	16	674.5789089	-229.6689493
C2	58	17	666.7427545	-216.5140892
C2	58	18	636.0294071	-200.6026533
C2	59	1	762.5950298	-291.9941961
C2	59	2	780.946335	-259.5175396
C2	59	3	789.6631412	-252.7593671
C2	59	4	806.2340892	-251.3918069
C2	59	5	841.358469	-255.3402827
C2	59	6	867.7744002	-279.5409525
C2	59	7	870.1156929	-321.0906332
C2	59	8	862.7027511	-326.860015
C2	59	9	841.0375007	-361.3431928
C2	59	10	832.0721455	-362.5448537
C2	59	11	826.8084329	-352.766713
C2	59	12	811.592862	-334.678399
C2	59	13	796.0224842	-324.1997135
C2	59	14	784.4161859	-319.9188004
C2	59	15	770.8604381	-310.2673348
C2	60	1	832.2578047	-363.473372
C2	60	2	841.4547154	-362.2404739
C2	60	3	849.2647081	-351.0592376
C2	60	4	863.7434682	-327.8017628
C2	60	5	871.1809625	-322.4854889
C2	60	6	885.7735937	-329.9323476
C2	60	7	903.6267429	-332.8491125
C2	60	8	919.0671464	-334.2829478
C2	60	9	942.4235454	-377.6999704
C2	60	10	929.0576308	-403.4300503
C2	60	11	875.7298165	-431.9689682
C2	60	12	833.0840733	-387.1580495
C2	61	1	876.6510795	-432.795189
C2	61	2	929.8434875	-405.1323388
C2	61	3	935.9054454	-419.7599232
C2	61	4	968.2545175	-435.5759125
C2	61	5	967.6460595	-448.6256559
C2	61	6	964.5209781	-482.8717056
C2	61	7	958.9206423	-493.3395657
C2	61	8	948.9963609	-498.8102125
C2	61	9	922.4305754	-502.0545506
C2	61	10	917.756214	-503.3309355
C2	61	11	916.4852648	-495.7121145
C2	61	12	893.0842444	-481.0401769
C2	61	13	878.0999435	-480.0338616
C2	61	14	872.1530196	-469.9555204
C2	61	15	871.2509999	-446.8831704
C2	62	1	876.9207758	-583.8967539
C2	62	2	889.7773801	-574.2514304
C2	62	3	920.2869757	-561.9028817
C2	62	4	950.2744755	-572.7998294
C2	62	5	961.7739084	-583.6088813
C2	62	6	962.4534322	-589.1247417
C2	62	7	961.7313737	-595.7228448
C2	62	8	967.1390427	-603.7402529
C2	62	9	969.1820035	-607.9796002
C2	62	10	968.7269612	-615.9375958
C2	62	11	963.3219917	-618.2094275
C2	62	12	958.3224408	-626.6562211
C2	62	13	953.1765533	-643.6056761
C2	62	14	949.5395945	-662.0746934
C2	62	15	944.1690339	-666.8798896
C2	62	16	938.031957	-669.0953328
C2	62	17	926.1702847	-671.0787399
C2	62	18	924.4503617	-675.0713946
C2	62	19	896.2413984	-669.2067469
C2	62	20	886.7233251	-672.0197296
C2	62	21	855.0787446	-635.6690299
C2	62	22	868.7344337	-608.1069372
C2	63	1	887.2836149	-672.9264162
C2	63	2	896.1411827	-670.0719295
C2	63	3	924.2831012	-676.4427212
C2	63	4	924.1866897	-683.5251883
C2	63	5	931.4773205	-692.2552454
C2	63	6	931.8494863	-701.7241408
C2	63	7	928.9149667	-708.8681862
C2	63	8	925.3435135	-714.0306253
C2	63	9	899.279195	-734.0189811
C2	63	10	879.7480121	-720.3809874
C2	63	11	875.3870277	-712.6866737
C2	63	12	879.557164	-679.6482229
C2	64	1	844.3071362	-737.2885854
C2	64	2	851.8549595	-727.502729
C2	64	3	857.6541807	-720.6824757
C2	64	4	874.6124989	-713.5649807
C2	64	5	878.707356	-721.0647863
C2	64	6	898.3668159	-735.1234346
C2	64	7	903.9438645	-751.6558143
C2	64	8	903.8126084	-765.0842669
C2	64	9	893.0135167	-774.6344249
C2	64	10	870.115704	-788.599716
C2	64	11	852.8204147	-779.9041131
C2	64	12	852.5109863	-764.2312884
C2	64	13	844.7894993	-751.6163225
C3	65	1	358.2749924	-380.0698519
C3	65	2	352.4957418	-365.281974
C3	65	3	354.5083495	-356.0963852
C3	65	4	367.3622838	-341.0962023
C3	65	5	372.5988063	-325.0712462
C3	65	6	393.7284835	-317.4529146
C3	65	7	407.2560275	-309.9905598
C3	65	8	416.0662772	-316.3861721
C3	65	9	429.4654548	-350.2010435
C3	65	10	434.9352669	-367.786875
C3	65	11	413.959971	-385.1100237
C3	65	12	406.0878534	-400.0169395
C3	65	13	404.9889582	-377.4203295
C3	65	14	392.4645272	-384.4952574
C3	65	15	381.7960513	-396.990051
C3	66	1	430.3933136	-347.3565066
C3	66	2	417.9985573	-316.3799602
C3	66	3	424.9864359	-309.392204
C3	66	4	436.2091417	-292.5498072
C3	66	5	443.5261013	-274.4780151
C3	66	6	452.8218047	-268.6503805
C3	66	7	475.1259894	-261.6775998
C3	66	8	491.2314562	-250.9746308
C3	66	9	496.1760643	-256.1864728
C3	66	10	509.8224956	-281.2462659
C3	66	11	521.0375302	-293.0254743
C3	66	12	522.0342674	-305.4650347
C3	66	13	513.7552687	-303.3104883
C3	66	14	502.7502454	-319.1238845
C3	66	15	484.0871303	-327.9419755
C3	66	16	461.1249059	-343.1071933
C3	66	17	447.8617315	-334.6573837
C3	66	18	437.5048866	-338.5135787
C3	67	1	523.2972225	-305.0276702
C3	67	2	522.1648566	-292.5176621
C3	67	3	510.8824683	-280.722334
C3	67	4	497.279603	-255.8159741
C3	67	5	492.5642994	-250.5657434
C3	67	6	513.0847558	-258.021712
C3	67	7	528.9132479	-229.7994375
C3	67	8	525.0577382	-216.4192168
C3	67	9	539.6492748	-213.2958412
C3	67	10	558.1764213	-214.0733019
C3	67	11	574.1486753	-211.1112096
C3	67	12	583.8020618	-219.8144178
C3	67	13	588.172677	-245.2730244
C3	67	14	588.1378362	-252.7161396
C3	67	15	580.0600066	-263.6110149
C3	67	16	567.2657233	-266.9571698
C3	67	17	562.756895	-273.5695139
C3	67	18	562.8472793	-300.0560985
C3	67	19	551.5962141	-289.2017474
C3	67	20	536.9107083	-289.502192
C3	68	1	581.7369192	-263.9777261
C3	68	2	589.1050923	-252.8433293
C3	68	3	589.8867812	-246.1514284
C3	68	4	584.9762224	-219.3317723
C3	68	5	596.8755032	-205.1016868
C3	68	6	615.610055	-198.0176293
C3	68	7	635.3595896	-202.2226503
C3	68	8	665.0686965	-217.8017813
C3	68	9	673.5704402	-231.0011014
C3	68	10	674.0982236	-245.3190494
C3	68	11	677.7831822	-260.2643826
C3	68	12	675.0907387	-272.9589675
C3	68	13	661.9054241	-267.4938309
C3	68	14	634.5219913	-277.279547
C3	68	15	632.0213913	-288.1204674
C3	68	16	611.1693555	-281.9325683
C3	68	17	601.38351	-283.9244906
C3	68	18	592.0773382	-266.5945739
C3	69	1	632.9248233	-288.2887215
C3	69	2	635.7374727	-277.8280209
C3	69	3	661.7995052	-269.0415349
C3	69	4	675.6328702	-274.2851895
C3	69	5	688.8415179	-288.7026757
C3	69	6	702.1321682	-293.9291502
C3	69	7	719.4233051	-284.9903825
C3	69	8	726.2826012	-279.5241976
C3	69	9	728.3737657	-321.7138325
C3	69	10	697.549899	-330.4331575
C3	69	11	692.3468712	-324.5015526
C3	69	12	667.1305578	-313.1724524
C3	69	13	659.1132146	-314.2976987
C3	69	14	646.4972627	-295.6782732
C3	70	1	729.5044777	-321.5237364
C3	70	2	727.5417707	-279.6564386
C3	70	3	757.4516085	-289.033391
C3	70	4	761.7140866	-293.1576505
C3	70	5	770.1254005	-310.9943322
C3	70	6	783.830213	-320.9309847
C3	70	7	795.4207347	-325.2466695
C3	70	8	794.5935083	-332.8467907
C3	70	9	785.1989697	-334.5349473
C3	70	10	770.3832335	-343.5424213
C3	70	11	761.0949557	-333.3206563
C3	70	12	752.5090917	-327.9947435
C3	71	1	771.3925039	-385.8919493
C3	71	2	771.0308764	-344.0392189
C3	71	3	785.4883807	-335.362223
C3	71	4	795.1781882	-333.534471
C3	71	5	796.3050062	-325.3360629
C3	71	6	810.9315334	-334.9336766
C3	71	7	825.4503412	-353.1177714
C3	71	8	830.7676828	-363.0860354
C3	71	9	831.6577617	-387.7977183
C3	71	10	853.0491082	-410.492767
C3	71	11	841.7153813	-422.699146
C3	71	12	824.6447589	-437.2585217
C3	71	13	800.4829165	-418.5896613
C3	71	14	793.3201161	-416.5833032
C3	71	15	781.6065147	-398.2006455
C3	72	1	826.2185774	-437.9173705
C3	72	2	838.0551798	-444.7113536
C3	72	3	846.4903162	-451.5968923
C3	72	4	853.2471989	-461.2585929
C3	72	5	851.3368157	-463.2505266
C3	72	6	852.4721775	-469.259271
C3	72	7	852.4082327	-474.4857514
C3	72	8	875.048294	-486.9286643
C3	72	9	876.7505112	-480.6552934
C3	72	10	871.0445607	-470.6178801
C3	72	11	869.6700731	-444.8371029
C3	72	12	874.8805976	-433.3292682
C3	72	13	853.9907093	-411.8638876
C3	72	14	842.9296009	-423.4283509
C3	73	1	815.3288587	-579.3908988
C3	73	2	854.5505656	-573.5992616
C3	73	3	874.5722715	-583.2995135
C3	73	4	866.3166698	-607.0739494
C3	73	5	852.6000229	-635.0189218
C3	73	6	823.0916045	-644.99964
C3	73	7	810.3163297	-635.095121
C3	73	8	816.6909304	-615.8365936
C3	73	9	820.7119615	-604.1197436
C3	74	1	824.334412	-646.0629183
C3	74	2	853.2830172	-636.9656224
C3	74	3	885.0167586	-672.3500723
C3	74	4	878.6128742	-677.8986165
C3	74	5	874.0239041	-711.6164186
C3	74	6	856.9737681	-718.0124695
C3	74	7	843.6964955	-734.7201026
C3	74	8	837.4166121	-728.3998855
C3	74	9	816.9828159	-729.1816582
C3	74	10	811.3326709	-711.5275508
C3	74	11	806.6469338	-685.4649096
C3	74	12	822.230658	-683.0893575
C3	74	13	830.8360267	-669.5834832
C2	75	1	876.0715521	-487.9079995
C2	75	2	877.5391451	-482.6511627
C2	75	3	892.3156535	-483.4995152
C2	75	4	914.7035926	-496.8480545
C2	75	5	916.0312413	-505.2748945
C2	75	6	915.2741636	-516.6184704
C2	75	7	916.0390536	-544.4690771
C2	75	8	917.6015194	-560.6143488
C2	75	9	888.8242879	-573.5829366
C2	75	10	876.6050397	-582.2631129
C2	75	11	869.6205087	-533.7190505
C2	75	12	877.9043622	-507.2529412
C3	76	1	834.6649271	-540.8926821
C3	76	2	831.6039244	-514.8369076
C3	76	3	851.9015121	-476.1647457
C3	76	4	874.2688948	-488.4953862
C3	76	5	876.8610066	-505.5727836
C3	76	6	868.8312115	-532.6798568
C3	76	7	874.6275247	-580.6816003
C3	76	8	855.6872619	-571.1918975
C3	76	9	835.3243767	-574.4101135
C3	76	10	845.3106353	-560.4383615
C4	77	1	431.4624179	-419.3226149
C4	77	2	436.575191	-409.3426558
C4	77	3	450.8365773	-403.6652544
C4	77	4	464.1715307	-389.7906122
C4	77	5	468.9271707	-376.5947313
C4	77	6	461.195302	-344.994247
C4	77	7	448.2720323	-336.888284
C4	77	8	438.6453971	-339.6012444
C4	77	9	431.3745892	-348.724918
C4	77	10	436.7438745	-368.4840969
C4	77	11	415.243376	-385.7475138
C4	77	12	406.875367	-402.841887
C4	77	13	424.5669266	-423.2633681
C4	78	1	470.542896	-376.2089859
C4	78	2	493.885567	-374.610557
C4	78	3	518.0256637	-350.0484988
C4	78	4	510.9926709	-323.7699846
C4	78	5	504.1955784	-321.1249345
C4	78	6	484.7639958	-329.3677506
C4	78	7	463.0279953	-344.3349609
C4	79	1	520.0031343	-349.8153622
C4	79	2	512.1766433	-322.6314614
C4	79	3	505.0913148	-319.0814757
C4	79	4	514.5250102	-305.1720737
C4	79	5	522.1734628	-307.2097858
C4	79	6	537.5993928	-291.1356356
C4	79	7	551.2706687	-290.6396287
C4	79	8	563.0305418	-301.7803985
C4	79	9	576.6247579	-305.5864451
C4	79	10	584.4135635	-326.0710427
C4	79	11	576.6117177	-342.2898004
C4	79	12	540.6310135	-356.9293135
C4	80	1	585.2554673	-325.3068673
C4	80	2	577.2466763	-304.6007267
C4	80	3	563.7540548	-300.0617271
C4	80	4	563.9064701	-273.8646154
C4	80	5	567.6220906	-267.7270271
C4	80	6	580.6990382	-264.8356546
C4	80	7	591.0821953	-267.3868577
C4	80	8	600.7668563	-285.2001515
C4	80	9	610.7382761	-282.9706054
C4	80	10	632.7520621	-289.4778625
C4	80	11	645.7744813	-296.659426
C4	80	12	658.1187761	-314.8881382
C4	80	13	636.2279872	-334.4193405
C4	80	14	626.5019455	-326.0986405
C4	80	15	596.9744214	-319.5577818
C4	81	1	637.4735286	-335.2792293
C4	81	2	659.1952125	-315.4188977
C4	81	3	666.8750082	-314.6471272
C4	81	4	691.9166338	-325.6514866
C4	81	5	696.6134032	-331.5487229
C4	81	6	698.5027514	-359.0648001
C4	81	7	678.7601015	-371.7900897
C4	81	8	645.7634736	-355.234621
C4	82	1	700.5270416	-358.9360173
C4	82	2	738.6381167	-386.0374989
C4	82	3	770.3995896	-385.8085504
C4	82	4	769.6356592	-344.6016298
C4	82	5	760.4029783	-334.5410501
C4	82	6	751.3089616	-329.2503386
C4	82	7	728.9233488	-323.5648418
C4	82	8	698.4446065	-332.0891241
C4	83	1	770.7646511	-387.8144107
C4	83	2	780.512115	-398.9174414
C4	83	3	791.9420013	-417.1285382
C4	83	4	775.4834599	-438.6999568
C4	83	5	759.7509151	-436.127734
C4	83	6	748.3288809	-418.0566038
C4	83	7	734.9645111	-402.5627207
C4	83	8	738.284389	-387.3728356
C4	84	1	776.5492753	-439.2967557
C4	84	2	793.1782153	-417.6762866
C4	84	3	799.9924557	-419.6855409
C4	84	4	823.7585752	-438.7939022
C4	84	5	837.7554182	-446.2799513
C4	84	6	845.1560055	-452.3524136
C4	84	7	851.6222453	-460.8553607
C4	84	8	850.1450993	-463.4041275
C4	84	9	851.034423	-474.9871243
C4	84	10	830.2255209	-513.9902593
C4	84	11	807.8990458	-509.8901619
C4	84	12	802.8955038	-501.1393287
C4	84	13	791.1694182	-486.6307688
C4	84	14	781.1413307	-449.9993438
C4	85	1	813.9122941	-577.5050567
C4	85	2	832.6818547	-574.652565
C4	85	3	843.4794556	-560.2589652
C4	85	4	833.301016	-541.2250981
C4	85	5	829.6934645	-515.6365016
C4	85	6	806.8515151	-511.4061222
C4	85	7	804.4486368	-531.7931259
C4	85	8	793.7171246	-538.132665
C4	85	9	796.8690762	-563.1253504
C4	86	1	809.9250728	-636.6213226
C4	86	2	822.695428	-646.8832831
C4	86	3	828.7545308	-669.3966782
C4	86	4	820.5955622	-681.4242925
C4	86	5	806.8377779	-683.7410681
C4	86	6	780.4419124	-678.4922181
C4	86	7	788.8220078	-658.7410657
C4	86	8	799.7550602	-641.5540109
C4	87	1	780.1263402	-680.1154624
C4	87	2	766.3941829	-703.2189569
C4	87	3	748.5252021	-718.386352
C4	87	4	739.1142148	-734.7726587
C4	87	5	752.5578137	-747.9311751
C4	87	6	754.9268806	-753.8435416
C4	87	7	776.0321564	-757.6243712
C4	87	8	784.9056769	-760.540128
C4	87	9	794.3095963	-764.9052584
C4	87	10	810.9936844	-742.5704112
C4	87	11	815.5176472	-730.2322888
C4	87	12	808.9053896	-712.724933
C4	87	13	804.9259615	-685.0095549
C3	88	1	794.9676862	-767.351381
C3	88	2	803.1232555	-785.053894
C3	88	3	815.6315922	-792.497315
C3	88	4	837.4707337	-778.0755153
C3	88	5	850.4595962	-779.1928846
C3	88	6	850.566688	-765.7350694
C3	88	7	841.8823447	-752.6989363
C3	88	8	841.4481117	-737.7618911
C3	88	9	837.2863816	-731.7369012
C3	88	10	817.863398	-732.1354369
C3	88	11	813.8715139	-743.3806824
C5	89	1	413.80187	-468.4455006
C5	89	2	431.8515453	-472.8088252
C5	89	3	449.3806282	-459.2644543
C5	89	4	465.9641384	-424.4031113
C5	89	5	452.3724409	-405.2460561
C5	89	6	437.6226437	-411.3672901
C5	89	7	432.5290884	-420.1561453
C5	89	8	425.3498205	-425.1378558
C5	89	9	423.8616862	-441.8866273
C5	90	1	466.7590209	-422.8163356
C5	90	2	453.4968482	-404.2979088
C5	90	3	465.5244222	-390.3519399
C5	90	4	470.1716521	-377.6384302
C5	90	5	494.3501593	-376.4992944
C5	90	6	500.3945894	-389.3382337
C5	90	7	493.7897223	-409.7429491
C5	90	8	481.8618211	-419.6143961
C5	91	1	495.9661124	-374.5619203
C5	91	2	501.8842572	-388.0588989
C5	91	3	511.912812	-390.3848328
C5	91	4	518.3660649	-382.2721053
C5	91	5	538.2005706	-369.2625034
C5	91	6	540.2789995	-358.2232376
C5	91	7	519.5004937	-351.265699
C5	92	1	578.3050478	-341.4831593
C5	92	2	586.079936	-326.6074808
C5	92	3	597.293202	-320.7216922
C5	92	4	625.5486259	-327.3133611
C5	92	5	635.1465361	-335.6829334
C5	92	6	641.7931081	-351.8161353
C5	92	7	628.6948135	-356.6094611
C5	92	8	613.1173258	-361.1218554
C5	92	9	595.7875684	-347.8585003
C5	93	1	681.7200606	-384.9865872
C5	93	2	680.5250939	-373.294633
C5	93	3	698.9730656	-360.7873354
C5	93	4	736.6162663	-386.6888388
C5	93	5	732.9999298	-402.2936952
C5	93	6	715.7187857	-403.1762434
C5	93	7	708.6789203	-404.724582
C5	94	1	775.5319513	-494.4160586
C5	94	2	789.0462124	-485.6522411
C5	94	3	778.8076465	-448.3197441
C5	94	4	774.989267	-440.7638999
C5	94	5	760.4997219	-437.508166
C5	94	6	759.7866831	-445.2739757
C5	94	7	752.7184809	-455.1021309
C5	94	8	760.1402842	-473.5840934
C5	94	9	762.9961229	-485.7054417
C5	95	1	776.8434102	-495.2881623
C5	95	2	789.5950387	-487.3621669
C5	95	3	802.0619455	-502.0743514
C5	95	4	805.4654078	-510.5449893
C5	95	5	802.985285	-530.7330489
C5	95	6	792.7906532	-536.8928123
C5	95	7	774.9208148	-530.3762283
C5	95	8	773.0380188	-509.0521171
C5	96	1	777.0891895	-575.5546637
C5	96	2	766.7949465	-565.2801182
C5	96	3	772.0274682	-554.8846275
C5	96	4	770.8536797	-537.240665
C5	96	5	774.5794063	-531.8454508
C5	96	6	792.1163657	-538.3573055
C5	96	7	795.3243433	-563.4594491
C5	97	1	777.8088117	-576.9683168
C5	97	2	796.3584254	-564.8501943
C5	97	3	813.3880849	-579.3037616
C5	97	4	819.1213691	-604.059573
C5	97	5	813.5993244	-617.6076181
C5	97	6	806.2090131	-616.7273339
C5	97	7	787.4596919	-622.2476597
C5	97	8	781.1262162	-614.2307024
C5	97	9	769.498669	-607.2631017
C5	97	10	768.7203821	-585.5894918
C5	98	1	765.9235396	-651.5627461
C5	98	2	783.3875832	-632.9751612
C5	98	3	787.9321793	-623.9651575
C5	98	4	806.8551523	-618.0070859
C5	98	5	814.1691766	-618.9694946
C5	98	6	809.1209182	-635.413155
C5	98	7	798.8334861	-639.6783426
C5	98	8	792.6292198	-649.878569
C5	98	9	787.4215181	-657.5522318
C5	98	10	779.1223446	-677.7553788
C5	99	1	728.2081682	-693.9989138
C5	99	2	723.4357599	-674.8684774
C5	99	3	748.9172259	-652.9588676
C5	99	4	764.777677	-652.0521682
C5	99	5	778.4519743	-679.689551
C5	99	6	764.5650247	-702.2710203
C5	99	7	747.6666098	-716.8153166
C5	100	1	749.8737004	-645.2255871
C5	100	2	749.6614099	-626.9044419
C5	100	3	762.5505155	-611.3447967
C5	100	4	769.2263792	-608.4974961
C5	100	5	780.5364787	-615.9015629
C5	100	6	786.8638652	-623.3538079
C5	100	7	782.16423	-632.3253945
C5	100	8	764.3490088	-649.970405
C5	100	9	749.3677405	-651.050045
C5	101	1	686.2037122	-737.8550947
C5	101	2	706.1384744	-751.4560567
C5	101	3	726.8042912	-748.0619044
C5	101	4	737.9615699	-734.0151147
C5	101	5	746.9413195	-718.3438139
C5	101	6	727.6632868	-695.9117526
C5	101	7	720.2510357	-697.6693202
C5	101	8	695.7330419	-713.9506515
C5	101	9	693.9737143	-727.2128531
END	102	1	450.6245793	-460.3248288
END	102	2	462.467896	-473.1485283
END	102	3	477.7788477	-460.222127
END	102	4	494.4062192	-435.6835643
END	102	5	483.2649863	-421.0746964
END	102	6	468.435659	-424.9147144
END	103	1	484.6639989	-419.6097156
END	103	2	495.4306745	-410.0307456
END	103	3	502.1863066	-389.7889832
END	103	4	514.1055954	-392.4834826
END	103	5	518.3832078	-403.5292347
END	103	6	506.8881354	-428.3965365
END	103	7	495.5708053	-434.1897159
END	104	1	524.7311957	-408.8862107
END	104	2	519.2238374	-402.2776714
END	104	3	514.7613971	-389.8050414
END	104	4	519.2123445	-383.1093395
END	104	5	539.1813879	-370.2937635
END	104	6	555.3041698	-383.5748508
END	104	7	552.98945	-397.0399669
END	104	8	541.0983522	-405.8369977
END	105	1	556.3504377	-382.3095479
END	105	2	539.7193084	-368.4292288
END	105	3	541.260399	-358.4291708
END	105	4	578.5354987	-343.3980743
END	105	5	593.5980825	-349.4133037
END	105	6	590.0120548	-366.8352447
END	106	1	591.5006454	-366.1789626
END	106	2	595.4790862	-350.0192573
END	106	3	613.0210956	-362.976953
END	106	4	641.0968461	-353.4565903
END	106	5	631.083724	-377.9781835
END	106	6	624.5071102	-373.1425678
END	106	7	593.517532	-373.4122971
END	107	1	632.2115341	-378.3340501
END	107	2	643.0046504	-353.0317488
END	107	3	644.7547099	-355.8726529
END	107	4	679.0917986	-372.8082662
END	107	5	680.6846219	-385.5365059
END	107	6	666.9238815	-397.4848422
END	107	7	658.9374991	-389.3100957
END	107	8	639.9401234	-385.9785211
END	108	1	667.7184624	-398.358348
END	108	2	681.5412549	-386.3184414
END	108	3	708.5506568	-406.1827758
END	108	4	705.1868091	-414.0716085
END	108	5	702.5248702	-425.5092947
END	108	6	689.4957818	-425.4397958
END	108	7	678.8413276	-419.4992634
END	108	8	674.4094902	-407.6207772
END	109	1	704.0999236	-425.1236498
END	109	2	715.9882109	-440.356744
END	109	3	730.2350243	-455.5948643
END	109	4	739.0082171	-460.2666012
END	109	5	750.9836769	-454.6252295
END	109	6	758.4014318	-444.3104323
END	109	7	758.3208935	-437.0318801
END	109	8	747.0046163	-418.8011413
END	109	9	733.1520097	-403.8733523
END	109	10	715.6274575	-404.3162521
END	109	11	710.767825	-406.109483
END	109	12	706.310803	-414.2854951
END	110	1	738.484023	-461.8658029
END	110	2	740.2338118	-472.229543
END	110	3	742.1398342	-491.4189058
END	110	4	749.7825941	-496.8369526
END	110	5	774.9810961	-495.4827739
END	110	6	762.7080828	-486.7116995
END	110	7	759.2040606	-473.4361488
END	110	8	751.8900668	-455.4552818
END	111	1	750.9427732	-497.969242
END	111	2	775.3046278	-496.5572772
END	111	3	771.8527415	-508.3868364
END	111	4	773.6932996	-531.1065966
END	111	5	770.1303396	-536.6616138
END	111	6	769.7350055	-544.1785569
END	111	7	752.850485	-539.2558169
END	111	8	743.801292	-526.6668509
END	111	9	739.666812	-514.7100666
END	111	10	745.3201055	-501.6646922
END	112	1	749.8316656	-566.1638225
END	112	2	742.5525938	-559.1379803
END	112	3	743.1906791	-545.6933734
END	112	4	752.895634	-541.2871603
END	112	5	769.7363333	-546.2095758
END	112	6	770.2694458	-554.6880041
END	112	7	765.5261742	-564.9147138
END	113	1	750.5454678	-567.4701699
END	113	2	765.9393228	-566.0803841
END	113	3	775.9793228	-576.7328198
END	113	4	767.6021344	-584.6111948
END	113	5	768.4826841	-607.4926135
END	113	6	761.8792774	-610.0027318
END	113	7	757.2406109	-615.4794873
END	113	8	745.0425545	-605.2484207
END	113	9	743.5643856	-596.8539883
END	113	10	737.8595655	-580.0251402
END	114	1	747.52214	-652.3538759
END	114	2	740.9407232	-638.3723209
END	114	3	728.6374526	-630.1108483
END	114	4	729.4408614	-612.0143305
END	114	5	744.3542224	-606.1315375
END	114	6	756.3709367	-616.3248457
END	114	7	748.084213	-626.3953208
END	114	8	748.2126102	-645.1904626
END	115	1	708.150771	-674.1530584
END	115	2	721.8303869	-673.910898
END	115	3	745.6567109	-652.9632638
END	115	4	739.9181988	-639.8815764
END	115	5	726.0613924	-630.1142618
END	115	6	714.4191096	-632.3228791
END	115	7	699.6809892	-638.7582213
END	115	8	694.6792645	-657.8707255
END	115	9	702.6927509	-658.0626222
END	116	1	682.7101306	-703.061222
END	116	2	680.7746177	-690.125874
END	116	3	672.9843681	-674.2224183
END	116	4	679.2859423	-663.8716995
END	116	5	701.7446519	-660.0610736
END	116	6	707.4777652	-675.7379955
END	116	7	721.4892509	-675.6659058
END	116	8	726.8282397	-694.3604961
END	116	9	719.6184421	-696.093708
END	116	10	694.7705074	-712.6898211
PER	117	1	466.8517461	-491.5518818
PER	117	2	463.7491131	-473.7125795
PER	117	3	478.6239309	-460.6050517
PER	117	4	495.6935364	-463.875875
PER	117	5	480.4636849	-491.3109194
PER	118	1	478.9820263	-459.6689555
PER	118	2	495.9590671	-463.0667301
PER	118	3	514.982408	-446.4000494
PER	118	4	513.9542902	-437.3552499
PER	118	5	507.1079471	-429.1315096
PER	118	6	495.4955083	-435.4313187
PER	119	1	507.5380277	-428.5820586
PER	119	2	520.2764744	-405.5743991
PER	119	3	524.5544285	-410.4879237
PER	119	4	541.6555781	-406.9920717
PER	119	5	543.3964407	-415.1436313
PER	119	6	526.1911403	-424.0297214
PER	119	7	514.3321307	-436.6811138
PER	120	1	544.7510652	-414.2559892
PER	120	2	542.4346557	-406.3124205
PER	120	3	554.1394432	-397.2939514
PER	120	4	556.9331695	-383.2629947
PER	120	5	590.2428606	-368.2733479
PER	120	6	592.0509365	-373.6646908
PER	120	7	585.4008262	-393.0495773
PER	120	8	570.9527634	-391.1645449
PER	121	1	590.0666875	-384.6369691
PER	121	2	622.71435	-385.4330761
PER	121	3	635.7348438	-393.2750982
PER	121	4	639.0716192	-386.7836881
PER	121	5	631.7018241	-379.4349631
PER	121	6	624.4237387	-375.2692339
PER	121	7	593.6860729	-375.641605
PER	122	1	636.5092724	-393.5671185
PER	122	2	670.4119341	-421.706251
PER	122	3	677.3080861	-420.3025064
PER	122	4	672.8553651	-407.6928269
PER	122	5	666.2669616	-398.3988813
PER	122	6	657.9359369	-390.2699309
PER	122	7	640.0009451	-387.4360582
PER	123	1	691.1014663	-427.2955141
PER	123	2	703.2555077	-427.0803599
PER	123	3	713.7753682	-439.672283
PER	123	4	729.4595966	-456.4509416
PER	123	5	737.6092903	-460.9814596
PER	123	6	719.624195	-468.7227737
PER	123	7	702.1767317	-457.2459626
PER	123	8	689.9864431	-448.4054008
PER	123	9	695.1195528	-437.0251008
PER	124	1	720.3514127	-469.968089
PER	124	2	737.4395819	-462.6647021
PER	124	3	740.6195072	-491.6802487
PER	124	4	748.2584233	-497.4979455
PER	124	5	743.7956458	-501.3735117
PER	124	6	737.9168118	-515.1942019
PER	124	7	731.1419021	-512.9872064
PER	124	8	723.7916794	-512.8723825
PER	124	9	725.5295166	-500.3496957
PER	124	10	731.2675188	-492.4100506
PER	124	11	729.281502	-483.9947891
PER	125	1	726.8390211	-539.2769292
PER	125	2	724.891076	-514.4813816
PER	125	3	729.8280985	-514.393985
PER	125	4	738.9181494	-516.4279902
PER	125	5	741.9753	-526.3881935
PER	125	6	751.1199983	-539.258648
PER	125	7	741.8624864	-543.2636368
PER	125	8	740.5979093	-549.3220523
PER	126	1	710.2729115	-559.4593386
PER	126	2	715.0147332	-549.752835
PER	126	3	726.320527	-540.7490756
PER	126	4	741.3602762	-551.8456509
PER	126	5	740.9953356	-560.1438938
PER	126	6	748.1742455	-566.6707103
PER	126	7	736.4056861	-578.4465892
PER	126	8	731.4184144	-580.0703906
PER	126	9	718.2324999	-575.3901624
PER	127	1	712.4310552	-602.2764991
PER	127	2	717.852902	-590.1487675
PER	127	3	718.1989267	-576.6694536
PER	127	4	732.2205438	-581.9067031
PER	127	5	735.5144225	-580.5210307
PER	127	6	742.099303	-596.3328229
PER	127	7	743.4103093	-604.7816466
PER	127	8	729.0892492	-610.8423765
PER	128	1	703.2692311	-615.3827116
PER	128	2	712.2008174	-603.2494545
PER	128	3	728.0979183	-611.7372422
PER	128	4	727.3630549	-628.8171937
PER	128	5	724.634435	-629.148374
PER	128	6	713.9218307	-631.2238615
PER	129	1	685.8050216	-639.8921824
PER	129	2	685.460224	-629.9447091
PER	129	3	702.664642	-616.3687837
PER	129	4	712.7533349	-631.4782572
PER	129	5	698.5515906	-637.9106657
PER	129	6	693.6180465	-656.9257754
PER	130	1	668.2934822	-652.3919527
PER	130	2	675.4615599	-646.7773811
PER	130	3	685.0458795	-640.5953269
PER	130	4	692.9024658	-657.5504713
PER	130	5	693.9442683	-659.6844747
PER	130	6	678.7051628	-662.4414242
PER	130	7	676.5401538	-657.4370166
Xylem	131	1	591.5451383	-479.6034368
Xylem	131	2	611.057912	-474.4684963
Xylem	131	3	620.8142988	-485.7653653
Xylem	131	4	622.868275	-500.6566926
Xylem	131	5	610.5444179	-506.305127
Xylem	131	6	590.5181502	-495.0082581
Xylem	132	1	591.0482555	-478.0986719
Xylem	132	2	585.4812378	-473.2866936
Xylem	132	3	587.1151389	-460.4878014
Xylem	132	4	606.1773187	-452.0459789
Xylem	132	5	618.7038941	-459.1262172
Xylem	132	6	610.8408025	-472.9556073
Xylem	133	1	586.9260521	-459.2042898
Xylem	133	2	586.9260521	-443.0460017
Xylem	133	3	597.262604	-431.1649075
Xylem	133	4	605.9358028	-430.21442
Xylem	133	5	606.7674794	-441.9767032
Xylem	133	6	605.8169918	-450.7687129
Xylem	134	1	606.9736826	-450.7657109
Xylem	134	2	607.6921161	-440.7076417
Xylem	134	3	606.7684159	-430.006172
Xylem	134	4	624.1134535	-432.0864396
Xylem	134	5	628.9372214	-439.065508
Xylem	134	6	625.960854	-454.4605118
Xylem	134	7	619.2896856	-458.257946
Xylem	135	1	597.4134557	-430.1803665
Xylem	135	2	593.3386878	-426.1736061
Xylem	135	3	593.5598069	-419.2899765
Xylem	135	4	604.6657329	-419.4112378
Xylem	135	5	608.1289689	-424.4960885
Xylem	135	6	614.0529967	-430.1155107
Xylem	135	7	606.0283497	-429.1276393
Xylem	136	1	631.6641113	-583.8865268
Xylem	136	2	624.2567339	-554.257017
Xylem	136	3	639.8122265	-538.8867089
Xylem	136	4	663.3306499	-543.1459509
Xylem	136	5	672.9602405	-568.3310342
Xylem	136	6	653.5158748	-588.5161377
Xylem	137	1	655.3015094	-588.8501003
Xylem	137	2	673.8556816	-568.724183
Xylem	137	3	680.3718138	-571.1800665
Xylem	137	4	685.3556694	-581.4498297
Xylem	137	5	673.2735951	-594.4380597
Xylem	138	1	668.5224853	-553.5292085
Xylem	138	2	679.577613	-556.1537723
Xylem	138	3	684.7522831	-563.8274642
Xylem	138	4	680.6413698	-570.1385451
Xylem	138	5	678.1844883	-569.5390074
Xylem	138	6	673.7842733	-567.7380965
Xylem	139	1	685.8701799	-580.5706197
Xylem	139	2	681.740667	-571.1181312
Xylem	139	3	685.3822082	-564.1694724
Xylem	139	4	691.5159519	-567.3146541
Xylem	139	5	688.2770013	-578.9001312
Xylem	140	1	686.8951599	-581.1238916
Xylem	140	2	689.3767581	-579.7740002
Xylem	140	3	692.6797985	-567.7112336
Xylem	140	4	701.3001034	-564.2652342
Xylem	140	5	706.0853812	-582.9323129
Xylem	140	6	700.8274229	-592.2797944
Xylem	140	7	694.4010294	-593.097699
Xylem	140	8	689.2599146	-589.3587064
Xylem	141	1	695.03115	-594.0627143
Xylem	141	2	693.443596	-595.3327576
Xylem	141	3	693.1260852	-605.3343479
Xylem	141	4	696.3011932	-610.2557653
Xylem	141	5	702.6155787	-614.8188108
Xylem	141	6	711.4788773	-602.7914535
Xylem	141	7	710.0750268	-596.7380896
Xylem	141	8	701.7181033	-592.9869096
Xylem	142	1	674.5876356	-594.8499803
Xylem	142	2	686.1681598	-582.1202438
Xylem	142	3	687.9361787	-589.8111263
Xylem	142	4	693.5938394	-593.7891689
Xylem	142	5	692.4446271	-595.1151831
Xylem	142	6	692.0910233	-604.7508865
Xylem	142	7	680.7757019	-604.6624856
Xylem	142	8	674.7644375	-601.7452543
Stele	143	1	587.2594334	-574.8044443
Stele	143	2	587.7951319	-559.5370383
Stele	143	3	615.6224426	-540.9101504
Stele	143	4	622.8833808	-554.3139783
Stele	143	5	628.7031218	-576.1870305
Stele	143	6	616.9906978	-590.6075488
Stele	143	7	599.1787241	-593.1521164
Stele	144	1	719.621219	-470.343108
Stele	144	2	728.0506632	-484.6415593
Stele	144	3	722.0458937	-485.2519059
Stele	144	4	716.274782	-488.9254673
Stele	144	5	713.0385263	-475.6913414
Stele	145	1	716.3863076	-489.7887734
Stele	145	2	722.2680076	-486.2246364
Stele	145	3	728.6907204	-485.387066
Stele	145	4	730.0909113	-491.8786192
Stele	145	5	725.0344305	-499.0518152
Stele	145	6	717.7210732	-498.1076624
Stele	145	7	713.6496059	-493.8439583
Stele	146	1	718.0718832	-498.8927664
Stele	146	2	724.6725765	-499.9571839
Stele	146	3	722.9524873	-512.8582768
Stele	146	4	715.9477491	-511.4748923
Stele	146	5	714.0166446	-503.0908702
Stele	147	1	715.6686666	-512.4183087
Stele	147	2	723.9753262	-514.3933214
Stele	147	3	725.3200375	-530.0614439
Stele	147	4	715.3127418	-523.8677725
Stele	147	5	713.8045262	-517.0076439
Stele	148	1	715.2778808	-524.6195153
Stele	148	2	725.4847533	-531.0178565
Stele	148	3	726.1527176	-539.5184962
Stele	148	4	714.8396942	-548.7522973
Stele	148	5	712.8559468	-541.7229856
Stele	148	6	712.7757322	-530.6518257
Stele	149	1	702.147682	-563.8156023
Stele	149	2	709.6193991	-560.3103967
Stele	149	3	717.3379822	-575.9040423
Stele	149	4	713.4290234	-576.3508217
Stele	149	5	706.9493099	-582.3385084
Stele	150	1	713.8879004	-577.0115075
Stele	150	2	717.3614468	-576.9686669
Stele	150	3	717.0135646	-589.8740357
Stele	150	4	712.0094785	-601.2349275
Stele	150	5	710.8566742	-596.0587496
Stele	150	6	702.2427546	-591.8876955
Stele	150	7	707.0236602	-583.577159
Stele	151	1	701.8299366	-487.4890708
Stele	151	2	699.9277508	-468.9818449
Stele	151	3	704.6988083	-460.3429613
Stele	151	4	718.9037892	-469.5588151
Stele	151	5	712.0391187	-475.343515
Stele	151	6	715.7144095	-489.7659247
Stele	151	7	713.1269023	-493.5006095
Phloem	152	1	701.5252382	-488.2615697
Phloem	152	2	713.1198227	-494.3629578
Phloem	152	3	717.1938924	-498.7679811
Phloem	152	4	713.3991902	-502.4596135
Phloem	152	5	700.9982811	-501.5738205
Phloem	152	6	698.3628199	-495.1245838
Stele	153	1	704.0768296	-459.7409084
Stele	153	2	689.5402977	-449.2953088
Stele	153	3	686.0263882	-456.1420007
Stele	153	4	686.0340553	-460.1040805
Stele	153	5	694.0228634	-461.3065923
Stele	153	6	699.3360326	-468.6155995
Phloem	154	1	686.1137424	-461.0174222
Phloem	154	2	693.682813	-462.0196378
Phloem	154	3	699.2054917	-469.5941097
Phloem	154	4	699.8940043	-476.4821913
Phloem	154	5	692.2376824	-473.4776495
Phloem	154	6	684.8468649	-476.0813104
Phloem	154	7	684.5401311	-467.4102495
Phloem	155	1	685.0378678	-476.83903
Phloem	155	2	692.2881515	-474.189558
Phloem	155	3	700.0250078	-477.3454055
Phloem	155	4	701.2225401	-487.5452745
Phloem	155	5	697.8624927	-494.5252194
Phloem	155	6	689.5672623	-494.3932429
Phloem	155	7	685.3194347	-493.2612123
Phloem	155	8	688.8170725	-489.201888
Phloem	155	9	688.3963372	-481.8677689
Phloem	156	1	685.3192882	-493.8915077
Phloem	156	2	689.3751824	-495.3447206
Phloem	156	3	697.7421923	-495.3650163
Phloem	156	4	700.2392123	-501.8066232
Phloem	156	5	694.1115169	-502.6241189
Phloem	156	6	688.2814244	-506.7297809
Phloem	156	7	684.3094283	-501.5632299
Phloem	156	8	685.8654564	-498.4227701
Phloem	157	1	688.6853465	-507.1619235
Phloem	157	2	694.4618919	-503.1853684
Phloem	157	3	700.5251035	-502.3307243
Phloem	157	4	701.1190966	-514.1034704
Phloem	157	5	697.8541462	-519.9438878
Phloem	157	6	693.6811907	-522.0116779
Phloem	157	7	693.5011576	-512.4229394
Phloem	158	1	684.551984	-477.0255268
Phloem	158	2	687.7657548	-482.2235135
Phloem	158	3	688.2377731	-488.9117546
Phloem	158	4	684.9601093	-493.1239652
Phloem	158	5	681.8231205	-491.5661514
Phloem	158	6	681.6217364	-487.7010933
Phloem	158	7	680.4958939	-483.8611832
Phloem	158	8	679.0808927	-478.8892706
Phloem	159	1	681.6889815	-492.207513
Phloem	159	2	684.9603464	-493.7401199
Phloem	159	3	685.3984508	-498.2493265
Phloem	159	4	684.0005955	-501.2318879
Phloem	159	5	679.7872523	-500.6451656
Phloem	159	6	682.0657481	-497.1384421
Stele	160	1	701.1069528	-502.2183961
Stele	160	2	713.4588746	-503.0700489
Stele	160	3	715.3641483	-511.7935682
Stele	160	4	701.6994834	-514.0596554
Phloem	161	1	685.5115907	-460.8957131
Phloem	161	2	684.0056218	-467.250175
Phloem	161	3	684.3205653	-476.2954543
Phloem	161	4	678.9103602	-478.4433387
Phloem	161	5	681.2489105	-467.608634
Phloem	161	6	679.8299727	-461.3859598
Phloem	162	1	679.3907115	-461.4079706
Phloem	162	2	680.668136	-467.5875102
Phloem	162	3	678.4267852	-478.4924188
Phloem	162	4	670.2288526	-481.3698465
Phloem	162	5	666.102971	-477.3721348
Phloem	162	6	668.0785403	-471.3023801
Phloem	162	7	670.2137351	-465.080077
Phloem	162	8	673.5765741	-462.9940002
Phloem	162	9	676.0774119	-461.3088315
Phloem	163	1	670.6727039	-481.686343
Phloem	163	2	678.4895631	-479.0385354
Phloem	163	3	681.1012434	-487.884795
Phloem	163	4	681.1984379	-491.4931654
Phloem	163	5	676.3133761	-495.1709365
Phloem	163	6	671.5968529	-493.0344928
Phloem	163	7	668.9128046	-490.767646
Phloem	163	8	668.5303331	-485.5822318
Phloem	164	1	681.26166	-492.0354054
Phloem	164	2	681.6247887	-497.0180523
Phloem	164	3	679.1639493	-500.6836754
Phloem	164	4	676.5342428	-500.2260679
Phloem	164	5	676.7085035	-495.5836016
Phloem	165	1	676.5483139	-500.5918615
Phloem	165	2	679.436975	-501.0694528
Phloem	165	3	683.9577842	-501.6486819
Phloem	165	4	687.8776302	-506.9581523
Phloem	165	5	682.0129738	-508.0684448
Phloem	165	6	677.3105434	-510.789629
Phloem	165	7	676.4017749	-507.0627618
Phloem	165	8	675.9696422	-503.3938254
Phloem	166	1	668.9641196	-491.425139
Phloem	166	2	671.5083863	-493.4068664
Phloem	166	3	676.3233072	-495.6057743
Phloem	166	4	676.214108	-500.371599
Phloem	166	5	675.667816	-503.1734591
Phloem	166	6	672.9297979	-500.6912704
Phloem	166	7	669.1539239	-500.0091108
Phloem	166	8	668.7841463	-494.9466849
Stele	167	1	689.1946146	-448.9101141
Stele	167	2	685.4955842	-456.1596768
Stele	167	3	685.6175163	-460.4098728
Stele	167	4	679.795554	-460.9287867
Stele	167	5	676.4950504	-460.5675784
Stele	167	6	678.5339529	-456.6766797
Stele	167	7	681.2830114	-451.7922437
Stele	167	8	684.2482803	-449.7305114
Stele	167	9	684.733634	-446.6575056
Phloem	168	1	677.5274931	-511.3624441
Phloem	168	2	682.3516449	-508.5514489
Phloem	168	3	688.0129516	-507.6795959
Phloem	168	4	692.7628251	-512.4804397
Phloem	168	5	692.9730182	-522.2931395
Phloem	168	6	687.8291693	-520.8088033
Phloem	168	7	685.3778218	-514.1416441
Stele	169	1	544.8181051	-415.7556426
Stele	169	2	570.9736117	-392.2820276
Stele	169	3	574.445753	-409.767502
Stele	169	4	569.3770074	-420.7607768
Stele	169	5	557.7501689	-423.4272459
Stele	170	1	572.3213209	-392.348227
Stele	170	2	585.6679354	-393.9846866
Stele	170	3	592.893641	-418.9454071
Stele	170	4	584.9568237	-413.1709418
Stele	170	5	575.3887795	-409.6646088
Stele	171	1	586.7821565	-393.4449799
Stele	171	2	590.0098845	-385.3598161
Stele	171	3	622.3718655	-386.4028273
Stele	171	4	616.1261844	-403.9537891
Stele	171	5	602.1794443	-402.0187612
Stele	171	6	589.790113	-403.9824645
Stele	172	1	593.6621639	-418.7044299
Stele	172	2	589.7763646	-404.5954471
Stele	172	3	602.298793	-402.9807391
Stele	172	4	615.9763071	-404.6197479
Stele	172	5	604.6852327	-418.9413745
PER	173	1	671.0881842	-422.6137091
PER	173	2	678.608313	-421.0552772
PER	173	3	690.0500897	-426.8414126
PER	173	4	693.2415356	-436.25425
PER	173	5	689.0245104	-447.7533313
PER	173	6	684.6455535	-445.7603398
PER	173	7	677.3384929	-437.899335
PER	173	8	676.0502182	-428.3596019
Stele	174	1	623.559329	-387.0146439
Stele	174	2	635.6371177	-393.9722052
Stele	174	3	638.0990246	-399.970053
Stele	174	4	633.9044112	-406.7408859
Stele	174	5	624.14198	-402.954702
Stele	174	6	617.110634	-404.1215449
Stele	175	1	605.3839154	-419.1213
Stele	175	2	616.9072503	-405.0557489
Stele	175	3	623.7184393	-403.6627058
Stele	175	4	609.1909903	-424.6202997
Stele	176	1	624.4181978	-403.8069912
Stele	176	2	633.6573488	-407.3314143
Stele	176	3	627.7016067	-415.2432733
Stele	176	4	615.7158176	-415.9957583
Stele	177	1	609.8155062	-424.8194722
Stele	177	2	615.3290578	-416.913355
Stele	177	3	627.4033191	-415.8409169
Stele	177	4	623.8821698	-431.3507404
Stele	177	5	615.2000293	-430.3130006
Stele	178	1	636.4225436	-394.3307937
Stele	178	2	669.5996646	-421.9655969
Stele	178	3	655.537741	-435.0458035
Stele	178	4	647.4374748	-432.5841034
Stele	178	5	644.5042799	-423.7063941
Stele	178	6	648.3452134	-414.7776622
Stele	178	7	639.0430993	-400.1881434
Stele	179	1	634.3306847	-407.4931883
Stele	179	2	638.681112	-400.4154775
Stele	179	3	647.6863712	-414.7265916
Stele	179	4	646.1181549	-418.5810277
Stele	179	5	633.1066626	-409.1586147
Stele	180	1	632.8415435	-409.5284011
Stele	180	2	628.0023463	-415.8055741
Stele	180	3	644.0542927	-423.3741629
Stele	180	4	645.7736216	-418.9348569
Stele	181	1	629.3264513	-438.2786331
Stele	181	2	624.792603	-431.7373958
Stele	181	3	625.7536778	-427.1214929
Stele	181	4	643.9569513	-423.968691
Stele	181	5	646.7826235	-432.6069471
Stele	182	1	627.7384235	-415.9827163
Stele	182	2	643.8208412	-423.6561875
Stele	182	3	625.4318729	-426.6431339
Stele	183	1	670.1937957	-422.9075319
Stele	183	2	675.4130624	-428.6670033
Stele	183	3	676.5921632	-437.8346089
Stele	183	4	663.3172575	-443.9817677
Stele	183	5	656.2507534	-435.3909457
Phloem	184	1	669.4433936	-465.099371
Phloem	184	2	665.2583158	-476.4819425
Phloem	184	3	660.4561406	-475.8763454
Phloem	184	4	657.6128234	-472.6139776
Phloem	184	5	657.8721594	-463.7212751
Phloem	184	6	664.5181583	-461.858445
Phloem	185	1	660.6696743	-476.7392912
Phloem	185	2	664.9136049	-477.2472421
Phloem	185	3	669.7143512	-481.6459891
Phloem	185	4	667.9908186	-485.2163517
Phloem	185	5	662.3177951	-486.7048812
Phloem	185	6	659.4029549	-481.2144933
Phloem	186	1	663.1977283	-487.1301882
Phloem	186	2	667.9740212	-485.7415519
Phloem	186	3	668.5678797	-490.7779183
Phloem	186	4	668.2304239	-494.9081092
Phloem	186	5	668.7043859	-499.8209423
Phloem	186	6	663.4500394	-497.897565
Phloem	186	7	663.8980169	-492.8360837
Phloem	186	8	664.2852534	-489.7131139
Phloem	187	1	676.9573933	-438.3743953
Phloem	187	2	684.2875886	-446.0484527
Phloem	187	3	683.8185665	-449.2557202
Phloem	187	4	681.4200462	-450.6904887
Phloem	187	5	675.9922191	-460.2858813
Phloem	187	6	668.8738558	-452.8371931
Phloem	187	7	663.8102061	-444.33544
Phloem	188	1	663.4988853	-444.6426978
Phloem	188	2	668.6999209	-453.3373342
Phloem	188	3	675.7973043	-460.7325566
Phloem	188	4	669.8964292	-464.4054294
Phloem	188	5	664.7752322	-461.417418
Phloem	188	6	665.6631901	-456.1331086
Phloem	188	7	662.6738675	-450.0874048
Stele	189	1	647.1665711	-433.1902692
Stele	189	2	655.7460999	-435.8994491
Stele	189	3	662.8270909	-444.2076194
Stele	189	4	662.0049246	-449.9971515
Stele	189	5	653.688233	-454.1200544
Stele	189	6	646.1764205	-452.0567316
Stele	189	7	641.6774703	-442.9859149
Stele	190	1	629.4823501	-439.0751553
Stele	190	2	646.6000763	-433.0452366
Stele	190	3	641.0179551	-443.333495
Stele	190	4	645.650904	-452.263552
Stele	190	5	639.2609967	-452.6684284
Stele	190	6	636.9951709	-446.2442901
Stele	190	7	632.6520127	-443.5017291
Phloem	191	1	662.2399922	-450.4331897
Phloem	191	2	665.1924389	-456.19393
Phloem	191	3	664.2652542	-461.2555864
Phloem	191	4	657.7115736	-463.2081615
Phloem	191	5	653.897086	-454.5081318
Stele	192	1	570.5423922	-421.1603588
Stele	192	2	575.0831015	-410.5356488
Stele	192	3	584.6566425	-413.9549214
Stele	192	4	592.3112153	-419.5773684
Stele	192	5	592.1309672	-425.728501
Stele	192	6	581.3871324	-428.8209402
Stele	193	1	581.9217366	-429.6455296
Stele	193	2	592.2807021	-426.5902085
Stele	193	3	596.2348073	-430.538153
Stele	193	4	586.6220525	-442.2778886
Stele	194	1	527.1760355	-424.542587
Stele	194	2	544.0383934	-416.3165796
Stele	194	3	556.9431708	-424.0627869
Stele	194	4	536.6648768	-435.7565302
Stele	194	5	515.4765886	-446.4030823
Stele	194	6	514.5288216	-437.349354
Phloem	195	1	508.0654717	-469.2523726
Phloem	195	2	517.5958074	-465.0478863
Phloem	195	3	518.8618624	-470.5198101
Phloem	195	4	514.5860329	-475.3634613
Phloem	196	1	518.066862	-464.8295919
Phloem	196	2	519.4788963	-470.1240549
Phloem	196	3	522.8458507	-470.9107276
Phloem	196	4	530.4444637	-468.4031063
Phloem	196	5	528.3852337	-462.2269218
Phloem	196	6	522.8772761	-460.7225626
Phloem	197	1	519.4584521	-470.7793511
Phloem	197	2	515.0983191	-475.660401
Phloem	197	3	519.374275	-479.244473
Phloem	197	4	522.685641	-473.5716648
Phloem	197	5	522.5199368	-471.6294688
Phloem	198	1	523.0548395	-471.5442365
Phloem	198	2	530.6400539	-468.8014858
Phloem	198	3	532.3003866	-472.3125182
Phloem	198	4	536.3667211	-480.8220499
Phloem	198	5	531.9304682	-480.683566
Phloem	198	6	523.2918749	-473.4427664
Phloem	199	1	519.8406262	-479.4820837
Phloem	199	2	523.1307883	-473.8352156
Phloem	199	3	531.534179	-480.9587177
Phloem	199	4	529.906681	-484.8179597
Phloem	199	5	526.1966708	-484.0088976
Phloem	199	6	523.2035786	-480.9813909
Phloem	200	1	507.610102	-469.5941565
Phloem	200	2	514.2849513	-475.9427896
Phloem	200	3	512.0023732	-479.9014841
Phloem	200	4	508.8092389	-483.1110612
Phloem	200	5	505.1613231	-480.1132934
Phloem	200	6	504.7886322	-475.0567946
Phloem	201	1	514.7858399	-476.1395497
Phloem	201	2	512.4923421	-480.0914337
Phloem	201	3	509.1399783	-483.4537745
Phloem	201	4	513.7775874	-483.9396558
Phloem	201	5	517.0221652	-482.4670181
Phloem	201	6	519.0312582	-479.5441484
Phloem	202	1	508.7151114	-483.8594691
Phloem	202	2	513.5799567	-484.5298668
Phloem	202	3	516.6962918	-482.9578713
Phloem	202	4	512.6091192	-486.938036
Phloem	202	5	511.2743496	-489.9541361
Phloem	202	6	506.2854605	-486.8428413
Phloem	203	1	511.5376646	-490.1280545
Phloem	203	2	512.8487397	-487.1434371
Phloem	203	3	517.1647424	-482.8514691
Phloem	203	4	519.4494712	-479.8583116
Phloem	203	5	523.0108026	-481.2984865
Phloem	203	6	525.8386679	-484.1385134
Phloem	203	7	527.0634687	-487.9842892
Phloem	203	8	521.4782427	-484.6971293
Phloem	203	9	518.3728957	-487.9390962
Phloem	203	10	515.70349	-490.784071
Phloem	203	11	513.3494283	-491.3482163
Phloem	204	1	505.8469459	-486.5699773
Phloem	204	2	508.2882549	-483.438931
Phloem	204	3	504.81764	-480.4762595
Phloem	204	4	501.3357801	-481.2132033
Phloem	204	5	499.6301406	-483.5294379
Phloem	204	6	500.618185	-485.7492207
Phloem	204	7	503.5450823	-486.5027772
Phloem	205	1	530.7717234	-468.1116148
Phloem	205	2	528.6574406	-461.6231254
Phloem	205	3	529.3611444	-455.6649306
Phloem	205	4	535.9060382	-452.3444378
Phloem	205	5	542.2637515	-460.4128968
Phloem	205	6	538.6132256	-462.0621056
Phloem	205	7	534.8779259	-464.9560498
Phloem	206	1	536.6737598	-480.3710198
Phloem	206	2	530.9430152	-468.5249448
Phloem	206	3	538.7938225	-462.3793819
Phloem	206	4	542.5589221	-460.8584271
Phloem	206	5	545.9018492	-476.1273795
Stele	207	1	536.1977528	-452.0591851
Stele	207	2	542.5964327	-460.1114634
Stele	207	3	549.4189779	-457.3933361
Stele	207	4	556.9199593	-453.9641696
Stele	207	5	556.074711	-449.1459663
Stele	207	6	549.7234455	-444.2993964
Stele	207	7	544.9129839	-445.0795852
Stele	207	8	539.1267755	-448.5148573
Stele	208	1	529.0089119	-455.2443532
Stele	208	2	535.6438777	-451.936771
Stele	208	3	538.8924604	-447.8050314
Stele	208	4	536.2507549	-436.5395457
Stele	208	5	516.0024943	-446.8683704
Stele	209	1	539.3954387	-447.7336242
Stele	209	2	544.5572231	-444.5734844
Stele	209	3	549.4660055	-443.616385
Stele	209	4	549.6285265	-436.5323287
Stele	209	5	547.8926908	-429.7746239
Stele	209	6	536.8817453	-436.2143655
Stele	210	1	549.9922233	-443.7091433
Stele	210	2	550.1564721	-436.420577
Stele	210	3	564.8627191	-438.4182239
Stele	210	4	562.1891122	-444.5812986
Stele	210	5	556.4625182	-448.6472566
Stele	211	1	550.1248089	-435.8100773
Stele	211	2	548.3152759	-429.6101659
Stele	211	3	557.4836809	-424.3435826
Stele	211	4	567.0940803	-431.4457609
Stele	211	5	565.0829679	-437.8774792
Stele	212	1	480.9305697	-491.4090377
Stele	212	2	496.234666	-463.9123551
Stele	212	3	507.149751	-469.312286
Stele	212	4	504.2838703	-474.5975654
Stele	212	5	504.2650519	-479.8826946
Stele	212	6	500.9159216	-480.3992892
Stele	212	7	498.9617946	-483.1493776
Stele	212	8	499.9454312	-485.7067485
Stele	212	9	490.2109024	-490.0391255
Stele	213	1	496.3893157	-463.2647736
Stele	213	2	507.7478234	-468.8902445
Stele	213	3	517.337399	-464.6182717
Stele	213	4	508.5360566	-452.7738418
Stele	214	1	508.86603	-452.5458275
Stele	214	2	514.8300591	-447.2660746
Stele	214	3	522.5946207	-460.3747347
Stele	214	4	517.7805926	-464.4366583
Stele	215	1	515.0919066	-447.1381388
Stele	215	2	515.7088559	-446.9782801
Stele	215	3	528.9814323	-455.616808
Stele	215	4	528.1055312	-461.638118
Stele	215	5	523.0769577	-460.2655158
Stele	216	1	558.1832948	-423.9348967
Stele	216	2	569.8683336	-421.4546014
Stele	216	3	580.9797276	-429.3684706
Stele	216	4	574.1807702	-429.7491967
Stele	216	5	567.5318086	-430.9747581
Stele	217	1	565.6464231	-438.0436149
Stele	217	2	567.7269734	-431.3718157
Stele	217	3	574.4703617	-430.2798332
Stele	217	4	581.4391345	-429.9435902
Stele	217	5	583.4612272	-436.3542867
Stele	217	6	585.8063385	-442.3753137
Stele	218	1	557.3306577	-453.8688763
Stele	218	2	556.671182	-449.2276171
Stele	218	3	562.4154116	-444.9715382
Stele	218	4	565.4441762	-438.5510023
Stele	218	5	586.0924195	-443.0510021
Stele	218	6	586.2468216	-459.1361417
Stele	219	1	546.4313365	-475.8691892
Stele	219	2	543.0516983	-460.6734828
Stele	219	3	557.0556634	-454.5029352
Stele	219	4	558.8108869	-463.7354726
Stele	220	1	557.67529	-454.4799528
Stele	220	2	586.2932048	-459.8714791
Stele	220	3	584.6804037	-473.0090877
Stele	220	4	559.2963414	-463.5695064
Stele	221	1	629.5188046	-440.3356182
Stele	221	2	632.0281255	-443.8789963
Stele	221	3	636.2628308	-446.768046
Stele	221	4	638.6623823	-452.8052321
Stele	221	5	626.7399937	-454.1755439
Stele	222	1	701.7364748	-514.7185459
Stele	222	2	715.0154333	-512.4284886
Stele	222	3	713.0751785	-516.7408461
Stele	222	4	698.6391204	-519.8143151
Stele	223	1	713.4279132	-517.3188611
Stele	223	2	714.8712223	-524.0891838
Stele	223	3	712.3239663	-530.3807408
Stele	223	4	698.9438848	-520.3662642
Stele	224	1	693.8968789	-522.7283801
Stele	224	2	698.225097	-520.4652782
Stele	224	3	712.162054	-530.8977363
Stele	224	4	712.2959969	-541.2434823
Stele	224	5	704.547696	-530.5384174
Stele	225	1	712.3044101	-542.5266852
Stele	225	2	714.3823203	-549.3354125
Stele	225	3	709.56777	-559.5859515
Stele	225	4	702.2459684	-562.9271914
Stele	226	1	704.2541032	-531.2423009
Stele	226	2	711.7437179	-541.7773103
Stele	226	3	706.1692726	-553.0273303
Stele	226	4	694.0578227	-541.6854032
Stele	227	1	693.5915141	-523.2174446
Stele	227	2	703.9284572	-530.7822494
Stele	227	3	693.8704587	-541.1784502
Stele	227	4	687.1052032	-536.6886978
Stele	227	5	683.3614674	-528.334587
Stele	227	6	687.7352314	-521.651491
Stele	228	1	677.1204306	-511.947537
Stele	228	2	673.5451061	-516.7042263
Stele	228	3	673.8231178	-521.0420414
Stele	228	4	678.6180358	-526.802581
Stele	228	5	682.9621007	-527.7157098
Stele	228	6	687.2668809	-521.1416702
Stele	228	7	684.7655908	-514.6884256
Stele	229	1	693.7590253	-542.3962893
Stele	229	2	705.9133563	-553.7282633
Stele	229	3	701.2784973	-563.120865
Stele	229	4	692.2783664	-566.6637162
Stele	230	1	671.8327634	-547.4052144
Stele	230	2	682.628713	-543.4904092
Stele	230	3	692.4224553	-552.7242558
Stele	230	4	691.5370099	-566.3497574
Stele	230	5	685.4065825	-562.7846688
Stele	230	6	680.5016475	-555.5046253
Stele	230	7	668.7329871	-552.6571501
Stele	231	1	686.7876958	-537.1979615
Stele	231	2	683.0476023	-543.1224579
Stele	231	3	692.6208714	-551.9047255
Stele	231	4	693.360629	-541.5797227
Stele	232	1	673.5453866	-521.5635073
Stele	232	2	678.0032428	-527.4427943
Stele	232	3	682.5841437	-528.6484829
Stele	232	4	686.2676441	-536.9420927
Stele	232	5	682.9494685	-542.0259675
Stele	232	6	671.7087308	-546.5119549
Stele	232	7	667.8963563	-551.155722
Stele	232	8	663.9156655	-542.4701598
Stele	232	9	663.0965544	-526.9799302
Stele	232	10	668.4798358	-521.737653
Stele	233	1	611.6379409	-473.3953206
Stele	233	2	619.6191706	-459.3357251
Stele	233	3	626.1966408	-455.2098665
Stele	233	4	632.3407785	-464.2603667
Stele	233	5	621.2279334	-484.8855696
Stele	234	1	626.7497139	-454.9196294
Stele	234	2	638.924975	-453.2469195
Stele	234	3	632.7719341	-463.7638434
Stele	235	1	633.3281557	-464.0611453
Stele	235	2	656.9918109	-472.1919854
Stele	235	3	657.406888	-463.6460238
Stele	235	4	653.4282216	-454.6785304
Stele	235	5	646.0298067	-452.6395635
Stele	235	6	639.76219	-453.4911467
Stele	236	1	643.4092746	-468.3762885
Stele	236	2	656.8536514	-473.1685775
Stele	236	3	659.8762305	-476.1980433
Stele	236	4	658.5798807	-480.423162
Stele	236	5	661.8178023	-486.8726257
Stele	236	6	653.0866708	-488.6627959
Stele	236	7	647.1287047	-484.6173375
Stele	236	8	647.8767712	-478.6004378
Stele	237	1	622.1050835	-485.2106684
Stele	237	2	633.1744363	-464.9473455
Stele	237	3	642.7299732	-468.2131768
Stele	237	4	647.191015	-478.533216
Stele	237	5	646.3480226	-484.4475679
Stele	238	1	623.8779548	-500.0490786
Stele	238	2	621.8621477	-486.2554869
Stele	238	3	646.5951682	-485.3364199
Stele	238	4	646.2949421	-492.441844
Stele	238	5	649.4106553	-502.3882927
Stele	238	6	640.3074782	-510.9387862
Stele	239	1	647.3552163	-485.7050524
Stele	239	2	652.8696148	-489.3743247
Stele	239	3	662.6270044	-487.4078585
Stele	239	4	663.5017952	-489.782365
Stele	239	5	662.5917113	-497.7344107
Stele	239	6	658.1926649	-509.7938613
Stele	239	7	650.3841619	-502.1711205
Stele	239	8	647.1070169	-492.2292501
Stele	240	1	669.1078318	-500.6449566
Stele	240	2	668.6534005	-520.9772536
Stele	240	3	672.9725015	-520.8549122
Stele	240	4	672.8664865	-516.5483554
Stele	240	5	676.4747811	-510.8631527
Stele	240	6	675.1664488	-503.6718801
Stele	240	7	672.5046209	-501.4512281
Stele	241	1	663.3930926	-498.4100733
Stele	241	2	668.5459829	-500.4691717
Stele	241	3	667.9419621	-521.1068179
Stele	241	4	662.9209155	-526.2096733
Stele	241	5	658.6587359	-510.1332768
Stele	242	1	640.6492368	-511.8175955
Stele	242	2	645.8395549	-524.5159694
Stele	242	3	662.108239	-526.5704363
Stele	242	4	657.8127469	-510.5684959
Stele	242	5	650.0006551	-503.423535
Stele	243	1	645.718443	-525.4215181
Stele	243	2	662.204611	-527.5899082
Stele	243	3	662.7970489	-541.905874
Stele	243	4	640.6520475	-537.7080105
Stele	244	1	611.7068632	-507.1084947
Stele	244	2	624.0429343	-501.3761207
Stele	244	3	639.4579977	-512.1925207
Stele	244	4	625.6924245	-514.9898132
Stele	244	5	613.625759	-523.6268637
Stele	245	1	626.3836213	-515.8574001
Stele	245	2	640.4568144	-513.4371301
Stele	245	3	644.8211388	-524.6641671
Stele	245	4	639.3432105	-537.0379235
Stele	246	1	623.6173719	-552.8680917
Stele	246	2	638.463696	-538.1194585
Stele	246	3	625.4044945	-516.7653127
Stele	246	4	614.0094274	-524.456859
Stele	246	5	616.3570853	-539.6101892
Stele	247	1	692.386994	-606.0155534
Stele	247	2	695.6300276	-610.9875794
Stele	247	3	701.759926	-615.3770289
Stele	247	4	685.4845882	-628.521427
Stele	247	5	683.4444799	-614.7576779
Stele	247	6	681.3283848	-605.6251604
Stele	248	1	628.5264506	-579.0176925
Stele	248	2	630.6345987	-585.4767929
Stele	248	3	654.0528899	-590.0942131
Stele	248	4	642.4881383	-601.6818903
Stele	248	5	629.5818548	-602.8558593
Stele	248	6	618.2858098	-590.9640272
Stele	249	1	655.4936299	-590.4054821
Stele	249	2	673.6641477	-595.4787793
Stele	249	3	673.9565651	-601.3910951
Stele	249	4	660.459763	-614.0225153
Stele	249	5	652.7742537	-612.4710495
Stele	249	6	643.5083894	-601.9312405
Stele	250	1	674.4700389	-602.7892235
Stele	250	2	680.4154673	-605.4591424
Stele	250	3	684.2856862	-628.4453472
Stele	250	4	670.6032722	-624.4276193
Stele	250	5	661.6484201	-614.4608981
Stele	251	1	670.9548961	-625.2786034
Stele	251	2	684.6503928	-629.6221464
Stele	251	3	684.7087643	-639.4876216
Stele	251	4	675.283184	-645.6627138
Stele	251	5	668.0693985	-651.4129325
Stele	252	1	590.3569294	-496.7437598
Stele	252	2	610.0964473	-507.8218053
Stele	252	3	612.4535843	-522.3262455
Stele	252	4	598.9198046	-524.8538622
Stele	252	5	583.6495003	-518.7764097
Stele	252	6	584.5667314	-506.1757245
Stele	253	1	598.8534976	-525.8056796
Stele	253	2	612.6824957	-523.6847451
Stele	253	3	614.9298843	-539.7208656
Stele	253	4	587.822546	-557.4388261
Stele	253	5	571.0152713	-539.2696427
Stele	253	6	571.8210827	-530.1445687
Stele	253	7	583.3181015	-519.7869333
Phloem	254	1	559.1072329	-464.6720465
Phloem	254	2	547.3121212	-476.4920852
Phloem	254	3	551.0309165	-481.9377618
Phloem	254	4	559.9097041	-475.6548389
Phloem	255	1	537.5486724	-480.9181984
Phloem	255	2	546.454165	-476.9178297
Phloem	255	3	549.9950814	-482.3164175
Phloem	255	4	541.2072443	-485.3621059
Phloem	256	1	532.115913	-481.88912
Phloem	256	2	530.4654552	-485.0703729
Phloem	256	3	534.0701795	-489.6224954
Phloem	256	4	540.0991724	-485.4187071
Phloem	256	5	536.7893898	-481.5249003
Phloem	257	1	526.8154179	-484.8407053
Phloem	257	2	529.9302284	-485.5011586
Phloem	257	3	533.5098435	-489.9439765
Phloem	257	4	530.7035776	-492.3330392
Phloem	257	5	527.6694657	-488.1999964
Stele	258	1	560.193583	-465.0176079
Stele	258	2	574.3004133	-470.3344525
Stele	258	3	574.8411291	-481.2232926
Stele	258	4	568.6932242	-485.1785149
Stele	258	5	560.8416317	-475.8448681
Stele	259	1	575.2452621	-470.8623395
Stele	259	2	585.0738718	-474.0685002
Stele	259	3	590.4094597	-479.6384439
Stele	259	4	589.7368591	-494.5046537
Stele	259	5	569.7146159	-485.5911554
Stele	259	6	575.5941884	-481.7898832
Stele	260	1	569.5825035	-486.6997602
Stele	260	2	570.9047656	-496.8966155
Stele	260	3	583.9244565	-505.2746634
Stele	260	4	589.5554318	-495.56988
Stele	261	1	570.5700533	-498.1154435
Stele	261	2	583.2191817	-506.5331194
Stele	261	3	582.1778524	-518.5759613
Stele	261	4	571.8776928	-528.3376571
Stele	261	5	567.5734795	-521.8167043
Stele	261	6	563.9840766	-506.1013277
Stele	262	1	551.7655207	-482.5210588
Stele	262	2	560.3841071	-476.9021055
Stele	262	3	568.0538457	-486.1065472
Stele	262	4	569.8552042	-496.9249547
Stele	262	5	563.74271	-504.5805974
Stele	262	6	559.5847557	-491.0410967
Stele	263	1	531.2003062	-492.7816073
Stele	263	2	534.1476059	-490.5079464
Stele	263	3	538.026335	-487.6208549
Stele	263	4	541.3652913	-493.3487555
Stele	263	5	536.7557255	-496.4652013
Stele	264	1	538.9096044	-487.4180862
Stele	264	2	540.7804311	-485.8964233
Stele	264	3	550.5601554	-482.8512713
Stele	264	4	553.6517548	-485.906815
Stele	264	5	558.4793315	-490.9815941
Stele	264	6	541.8157696	-492.7843336
Stele	265	1	548.5380558	-539.4355522
Stele	265	2	547.0612681	-523.4050918
Stele	265	3	555.4074685	-509.0254749
Stele	265	4	563.1486296	-506.2583326
Stele	265	5	566.424282	-522.6746072
Stele	265	6	571.1163504	-529.5305013
Stele	265	7	569.4137719	-539.3525757
Stele	266	1	538.0472186	-497.0452078
Stele	266	2	542.2294744	-493.8616807
Stele	266	3	558.7706234	-491.7650684
Stele	266	4	562.8214255	-505.2462089
Stele	266	5	555.4495274	-507.6676338
Stele	267	1	521.6454675	-485.3009039
Stele	267	2	527.1847955	-488.501897
Stele	267	3	530.1188109	-492.3182054
Stele	267	4	525.4433461	-494.9318179
Stele	267	5	519.1086786	-494.9979882
Stele	267	6	516.1015235	-491.0023378
Stele	268	1	530.5139794	-492.9865139
Stele	268	2	536.6251233	-496.9352425
Stele	268	3	534.6180604	-501.1221273
Stele	268	4	530.6146674	-501.6873147
Stele	268	5	525.9456149	-495.2967891
Stele	269	1	537.263536	-497.5665602
Stele	269	2	535.2373829	-501.4921452
Stele	269	3	536.1667574	-513.7267607
Stele	269	4	545.1943229	-507.9202826
Stele	269	5	554.8774255	-508.2344829
Stele	270	1	536.3893089	-514.6375109
Stele	270	2	546.3333618	-522.4975399
Stele	270	3	554.6812869	-508.8728603
Stele	270	4	545.6450716	-508.8191903
C2	271	1	708.9967789	-171.4917459
C2	271	2	718.6364547	-174.03008
C2	271	3	753.1885024	-173.824083
C2	271	4	754.3591179	-181.338961
C2	271	5	764.1645427	-188.8434254
C2	271	6	768.7237168	-198.2102426
C2	271	7	781.3237631	-204.2978071
C2	271	8	788.6444248	-251.0214947
C2	271	9	779.7230605	-258.0322981
C2	271	10	761.4154357	-289.1520274
C2	271	11	758.0268771	-287.3000883
C2	271	12	727.7405241	-277.1530551
C2	271	13	718.3622011	-282.3636959
C2	271	14	701.9086999	-291.5223147
C2	271	15	689.9256026	-287.400656
C2	271	16	677.3151428	-272.6782822
C2	271	17	679.0196899	-259.1862379
C2	271	18	675.2270413	-243.3162603
C2	271	19	675.2741572	-231.4241179
C2	271	20	684.2020873	-214.6301263
C2	271	21	701.2728406	-187.7411429