"ROI.name"	"ROI.id"	"point"	"x"	"y"
"Atrichoblast"	1	1	968.284619423903	-322.761539807967
"Atrichoblast"	1	2	986.956774619405	-305.423109983573
"Atrichoblast"	1	3	999.404878083073	-299.643633375441
"Atrichoblast"	1	4	1019.41075864968	-320.094089065753
"Atrichoblast"	1	5	1026.52396062892	-331.653042282016
"Atrichoblast"	1	6	1023.85650988671	-352.992648219733
"Atrichoblast"	1	7	1011.85298154674	-365.885326807104
"Atrichoblast"	1	8	994.346509846738	-368.567462770399
"Atrichoblast"	1	9	979.654213098555	-366.582426506571
"Atrichoblast"	1	10	972.023990646383	-364.923682495229
"Atrichoblast"	2	1	1028.08953822974	-333.075797477464
"Atrichoblast"	2	2	1051.6437031908	-332.744048675195
"Atrichoblast"	2	3	1069.22638971102	-333.407546279732
"Atrichoblast"	2	4	1084.48683461537	-350.32673519542
"Atrichoblast"	2	5	1084.81858341764	-369.568165726986
"Atrichoblast"	2	6	1074.53437054732	-377.530136981428
"Atrichoblast"	2	7	1053.96594480667	-393.454079490311
"Atrichoblast"	2	8	1044.34522954089	-399.425557931141
"Atrichoblast"	2	9	1011.50209811632	-367.245924111108
"Atrichoblast"	2	10	1025.76729661386	-354.30772082264
"Atrichoblast"	3	1	879.319139571073	-360.689185347706
"Atrichoblast"	3	2	835.996828359097	-365.392750565007
"Atrichoblast"	3	3	797.873194492558	-331.7251258517
"Atrichoblast"	3	4	810.111039312256	-301.879240351734
"Atrichoblast"	3	5	823.917630032916	-295.535671642242
"Atrichoblast"	3	6	847.052998267536	-295.535671642242
"Atrichoblast"	3	7	876.15878411109	-304.118146955085
"Atrichoblast"	3	8	883.994957222816	-307.47650686011
"Atrichoblast"	4	1	1097.06423564165	-467.931480100216
"Atrichoblast"	4	2	1136.9914034014	-438.825694256662
"Atrichoblast"	4	3	1154.52950512765	-440.691449759454
"Atrichoblast"	4	4	1176.17226896003	-456.736947083464
"Atrichoblast"	4	5	1179.1574777645	-473.90189770915
"Atrichoblast"	4	6	1178.03802446282	-500.395625848796
"Atrichoblast"	4	7	1168.70924694886	-516.814274273365
"Atrichoblast"	4	8	1160.49992273658	-519.426331977273
"Atrichoblast"	4	9	1117.58754617237	-507.485496759405
"Atrichoblast"	4	10	1103.78095545171	-492.932603837628
"Atrichoblast"	5	1	1118.99466043586	-656.301853628069
"Atrichoblast"	5	2	1121.80738266569	-643.644603593813
"Atrichoblast"	5	3	1124.15131785722	-629.58099244464
"Atrichoblast"	5	4	1124.62010489553	-613.642233142244
"Atrichoblast"	5	5	1160.24791980676	-609.891936835798
"Atrichoblast"	5	6	1172.43638280271	-608.016788682575
"Atrichoblast"	5	7	1190.25029025833	-616.454955372079
"Atrichoblast"	5	8	1197.75088287123	-635.675223942615
"Atrichoblast"	5	9	1197.75088287123	-658.177001781292
"Atrichoblast"	5	10	1190.25029025833	-676.459696275217
"Atrichoblast"	5	11	1176.65546614747	-682.553927773192
"Atrichoblast"	5	12	1167.74851241966	-684.89786296472
"Atrichoblast"	6	1	1083.55737057526	-691.382579936601
"Atrichoblast"	6	2	1099.7393400919	-675.517903939892
"Atrichoblast"	6	3	1117.50777720822	-657.432173303643
"Atrichoblast"	6	4	1167.00556631795	-687.257764177457
"Atrichoblast"	6	5	1166.37097927808	-704.708907773837
"Atrichoblast"	6	6	1159.39052183953	-727.554041209099
"Atrichoblast"	6	7	1146.38148752223	-741.832249606138
"Atrichoblast"	6	8	1117.82507072815	-741.832249606138
"Atrichoblast"	7	1	980.824500062129	-830.541821816211
"Atrichoblast"	7	2	977.757506628539	-799.258488793592
"Atrichoblast"	7	3	977.757506628539	-777.176136071743
"Atrichoblast"	7	4	1011.49443439803	-761.227770217074
"Atrichoblast"	7	5	1047.68495691439	-780.243129505333
"Atrichoblast"	7	6	1057.49933590188	-801.098684853746
"Atrichoblast"	7	7	1052.59214640814	-817.660449395133
"Atrichoblast"	7	8	1039.71077398706	-828.088227069339
"Atrichoblast"	7	9	1019.46861732536	-836.062409996674
"Atrichoblast"	7	10	1005.97384621757	-837.28920737011
"Atrichoblast"	8	1	928.874852087726	-830.102422734877
"Atrichoblast"	8	2	926.804771233026	-794.023870695812
"Atrichoblast"	8	3	934.19791714267	-778.05467553098
"Atrichoblast"	8	4	970.572195018121	-777.167498021823
"Atrichoblast"	8	5	975.895260073065	-777.463223858208
"Atrichoblast"	8	6	975.895260073065	-795.798225714127
"Atrichoblast"	8	7	978.261066764151	-830.398148571263
"Atrichoblast"	8	8	964.066226617634	-835.721213626207
"Atrichoblast"	8	9	955.194451526061	-838.678471990064
"Atrichoblast"	8	10	944.548321416172	-839.565649499222
"Atrichoblast"	8	11	934.789368815442	-837.791294480907
"Atrichoblast"	9	1	853.169037972967	-789.587983150025
"Atrichoblast"	9	2	872.095491501657	-829.510971062105
"Atrichoblast"	9	3	863.815168082855	-846.66306957248
"Atrichoblast"	9	4	843.410085372237	-859.379280537069
"Atrichoblast"	9	5	822.709276825232	-861.745087228155
"Atrichoblast"	9	6	805.261452478471	-852.577586300196
"Atrichoblast"	9	7	798.755484077984	-840.452827008379
"Atrichoblast"	9	8	792.840967350269	-821.230647643303
"Atrichoblast"	9	9	791.658064004726	-807.922985005943
"Atrichoblast"	9	10	799.642661587142	-788.109353968096
"Atrichoblast"	9	11	808.810162515101	-778.941853040137
"Atrichoblast"	9	12	819.752018461375	-778.941853040137
"Atrichoblast"	10	1	790.093954882476	-807.87184797146
"Atrichoblast"	10	2	776.430487108514	-818.761606850731
"Atrichoblast"	10	3	750.945425222894	-816.385880742749
"Atrichoblast"	10	4	736.259118373554	-801.915548994135
"Atrichoblast"	10	5	730.643765754688	-784.637540936087
"Atrichoblast"	10	6	732.587541661219	-775.566586705612
"Atrichoblast"	10	7	745.76202280548	-764.767831669332
"Atrichoblast"	10	8	756.128827640308	-755.264927237406
"Atrichoblast"	10	9	769.30330878457	-746.193973006931
"Atrichoblast"	10	10	774.054761000533	-744.682147301852
"Atrichoblast"	10	11	786.365341741892	-758.936503949741
"Atrichoblast"	10	12	795.868246173818	-761.744180259174
"Atrichoblast"	10	13	799.755797986879	-766.279657374411
"Atrichoblast"	10	14	804.723225303567	-771.895009993277
"Atrichoblast"	10	15	807.968579863949	-777.270685492218
"Atrichoblast"	10	16	798.605722080571	-786.326564331879
"Atrichoblast"	11	1	681.430006485162	-724.479616204923
"Atrichoblast"	11	2	693.891735614566	-705.220580277661
"Atrichoblast"	11	3	709.752118142899	-683.978996534358
"Atrichoblast"	11	4	713.717213774982	-675.765584153614
"Atrichoblast"	11	5	687.944092166441	-648.576356962186
"Atrichoblast"	11	6	671.800488521531	-643.761597980371
"Atrichoblast"	11	7	648.576356962186	-654.807221526888
"Atrichoblast"	11	8	636.964291182514	-664.153518373942
"Atrichoblast"	11	9	628.75087880177	-685.678323233822
"Atrichoblast"	11	10	627.334773218883	-705.787022510816
"Atrichoblast"	11	11	638.097175648824	-722.497068388881
"Atrichoblast"	11	12	675.765584153614	-727.028606254119
"Atrichoblast"	12	1	637.419632165954	-660.805953838203
"Atrichoblast"	12	2	623.334153173558	-644.498839644949
"Atrichoblast"	12	3	610.703614472889	-624.016884995216
"Atrichoblast"	12	4	614.117273581178	-593.293953020615
"Atrichoblast"	12	5	627.430544103505	-578.615218854973
"Atrichoblast"	12	6	639.036985071687	-577.591121122486
"Atrichoblast"	12	7	668.053087492143	-588.514830269011
"Atrichoblast"	12	8	679.318162549496	-590.221659823155
"Atrichoblast"	12	9	682.390455746956	-601.486734880509
"Atrichoblast"	12	10	683.755919390272	-626.747812281847
"Atrichoblast"	12	11	684.097285301101	-636.306057785056
"Atrichoblast"	12	12	685.78979022028	-645.871874607924
"Atrichoblast"	12	13	671.818519755955	-640.882135156379
"Atrichoblast"	12	14	646.869822498233	-652.857509840086
"Atrichoblast"	13	1	693.255943204261	-455.34052098802
"Atrichoblast"	13	2	658.536228478924	-424.605035821329
"Atrichoblast"	13	3	660.243755432629	-392.162023700932
"Atrichoblast"	13	4	668.781390201155	-378.501808071292
"Atrichoblast"	13	5	697.809348414141	-375.086754163882
"Atrichoblast"	13	6	714.315442299957	-377.363456768822
"Atrichoblast"	13	7	732.529063139478	-409.237293237983
"Atrichoblast"	13	8	745.050927466648	-421.759157565154
"Atrichoblast"	14	1	657.562946466316	-426.856084237337
"Atrichoblast"	14	2	627.53783424402	-446.883003173772
"Atrichoblast"	14	3	618.317810967707	-461.001163815625
"Atrichoblast"	14	4	617.741559512938	-483.474970551637
"Atrichoblast"	14	5	634.16472597387	-507.677531651957
"Atrichoblast"	14	6	643.384749250182	-512.287543290114
"Atrichoblast"	14	7	669.604190442196	-508.830034561496
"Atrichoblast"	14	8	690.061117086514	-507.965657379342
"Atrichoblast"	14	9	692.097405838139	-456.668185772043
"Trichoblast"	15	1	746.2353210106	-420.60649191104
"Trichoblast"	15	2	733.841439354806	-408.514158837746
"Trichoblast"	15	3	714.55038592349	-376.409551046541
"Trichoblast"	15	4	719.064036774323	-358.942665804068
"Trichoblast"	15	5	723.439393667696	-348.502926072048
"Trichoblast"	15	6	732.464552052844	-338.719105398931
"Trichoblast"	15	7	737.773928516099	-333.25529873185
"Trichoblast"	15	8	740.218591557218	-329.959062992284
"Trichoblast"	15	9	727.346366358876	-309.396433045925
"Trichoblast"	15	10	714.618869430882	-289.360452442582
"Trichoblast"	15	11	701.029890152126	-267.009690423828
"Trichoblast"	15	12	692.113909743542	-248.717668698063
"Trichoblast"	15	13	689.959480023013	-231.598783312044
"Trichoblast"	15	14	700.778323316815	-205.435057086637
"Trichoblast"	15	15	706.306436662976	-196.059437300619
"Trichoblast"	15	16	710.744008905267	-189.770202216048
"Trichoblast"	15	17	714.511278171093	-185.514170439672
"Trichoblast"	15	18	718.584789629845	-183.99814901148
"Trichoblast"	15	19	725.311093625006	-185.775823874999
"Trichoblast"	15	20	728.153511321402	-191.496183479607
"Trichoblast"	15	21	724.308353123996	-204.208002755509
"Trichoblast"	15	22	718.752597210491	-224.023049855985
"Trichoblast"	15	23	711.544339614124	-237.354147452934
"Trichoblast"	15	24	719.065303012177	-254.837828287096
"Trichoblast"	15	25	728.279858685975	-273.465950595656
"Trichoblast"	15	26	738.208623894972	-284.475780483933
"Trichoblast"	15	27	760.325019322099	-317.895262877526
"Trichoblast"	15	28	783.97222874536	-327.282109144607
"Trichoblast"	15	29	795.671972393209	-331.501986684501
"Trichoblast"	15	30	834.194621604407	-366.780647987515
"Trichoblast"	15	31	792.686334660366	-422.7645938613
"Trichoblast"	16	1	881.771114508204	-360.076672639969
"Trichoblast"	16	2	885.972934538485	-306.867911888873
"Trichoblast"	16	3	898.76777030912	-299.925192704844
"Trichoblast"	16	4	918.057946860162	-290.578397782031
"Trichoblast"	16	5	924.192141947221	-283.299673840909
"Trichoblast"	16	6	925.034856315328	-260.577671294301
"Trichoblast"	16	7	928.251100535211	-244.956522317516
"Trichoblast"	16	8	938.733498228088	-229.701923984832
"Trichoblast"	16	9	949.98670861355	-217.217952035033
"Trichoblast"	16	10	960.753887282254	-208.351783878226
"Trichoblast"	16	11	969.292158108097	-207.568400717512
"Trichoblast"	16	12	972.953078256226	-213.216564087811
"Trichoblast"	16	13	973.418432078728	-222.042318364858
"Trichoblast"	16	14	962.590161636007	-232.119512100496
"Trichoblast"	16	15	946.181985114379	-262.55504652372
"Trichoblast"	16	16	942.767192628941	-282.11202863171
"Trichoblast"	16	17	942.700695904172	-295.463855885872
"Trichoblast"	16	18	944.377075305507	-304.350701936935
"Trichoblast"	16	19	949.582323314184	-309.46971723534
"Trichoblast"	16	20	955.09032771757	-314.604005477249
"Trichoblast"	16	21	962.173205868513	-318.603632857846
"Trichoblast"	16	22	965.910490734163	-322.738014254606
"Trichoblast"	16	23	970.114889988939	-365.74739772203
"Trichoblast"	16	24	928.850143214243	-395.536063567324
"Trichoblast"	17	1	1045.24475937736	-399.960399469924
"Trichoblast"	17	2	1054.44373213244	-394.302017122788
"Trichoblast"	17	3	1085.63945476518	-370.374533826113
"Trichoblast"	17	4	1096.30314096471	-377.938671455302
"Trichoblast"	17	5	1114.95508792994	-386.653902655587
"Trichoblast"	17	6	1137.1101179885	-360.736300328089
"Trichoblast"	17	7	1151.78975544776	-346.505096038361
"Trichoblast"	17	8	1166.27476898247	-333.773834670208
"Trichoblast"	17	9	1194.27068546722	-329.908683144188
"Trichoblast"	17	10	1221.41399340556	-331.560981946509
"Trichoblast"	17	11	1243.54896562107	-332.72180557348
"Trichoblast"	17	12	1252.4170660514	-337.481710299377
"Trichoblast"	17	13	1233.55856359176	-350.681531068999
"Trichoblast"	17	14	1208.64052692307	-351.767203432509
"Trichoblast"	17	15	1179.66654215988	-352.451734003051
"Trichoblast"	17	16	1162.52067534473	-365.670146230917
"Trichoblast"	17	17	1140.12140200478	-394.327066321427
"Trichoblast"	17	18	1134.49952855388	-402.252608831722
"Trichoblast"	17	19	1139.59207922281	-412.598566025438
"Trichoblast"	17	20	1136.72691621027	-422.479542779525
"Trichoblast"	17	21	1135.54058698987	-435.105290911316
"Trichoblast"	17	22	1095.22595890092	-466.712172352428
"Trichoblast"	17	23	1083.46618738284	-468.033496154203
"Trichoblast"	17	24	1046.3752807068	-456.024749292676
"Trichoblast"	18	1	1117.65571133095	-509.671174219187
"Trichoblast"	18	2	1160.53504682986	-521.072923981926
"Trichoblast"	18	3	1172.99680759796	-534.054494060892
"Trichoblast"	18	4	1189.21305119898	-546.155041717478
"Trichoblast"	18	5	1201.85705635537	-555.498275360715
"Trichoblast"	18	6	1264.87671080147	-560.624182662927
"Trichoblast"	18	7	1279.12528241963	-565.366367870813
"Trichoblast"	18	8	1292.67561810673	-571.09952432056
"Trichoblast"	18	9	1298.50339397246	-577.852314864288
"Trichoblast"	18	10	1315.85550657795	-586.637238422824
"Trichoblast"	18	11	1323.72669944255	-592.23930385849
"Trichoblast"	18	12	1320.63543916855	-594.144108412814
"Trichoblast"	18	13	1316.41886965859	-596.086166458841
"Trichoblast"	18	14	1311.00248392925	-595.814859524629
"Trichoblast"	18	15	1290.2938376679	-591.839631630724
"Trichoblast"	18	16	1279.47760921015	-582.530305348943
"Trichoblast"	18	17	1270.11057436752	-576.367448156485
"Trichoblast"	18	18	1259.2030890146	-574.458804611497
"Trichoblast"	18	19	1237.95196039843	-577.516127108329
"Trichoblast"	18	20	1212.12405354767	-581.985929431931
"Trichoblast"	18	21	1196.21494351593	-578.813771516201
"Trichoblast"	18	22	1186.42411738041	-577.624739873472
"Trichoblast"	18	23	1178.67412607875	-587.296509984733
"Trichoblast"	18	24	1174.91924160352	-593.221255128672
"Trichoblast"	18	25	1171.54357512492	-605.52233583852
"Trichoblast"	18	26	1125.64090869594	-610.542145014556
"Trichoblast"	18	27	1095.96191311886	-581.221434275539
"Trichoblast"	18	28	1091.51178975558	-557.604638448
"Trichoblast"	19	1	1083.06802400327	-693.075525615395
"Trichoblast"	19	2	1116.16689254016	-743.959990444555
"Trichoblast"	19	3	1115.85890293494	-751.740708878324
"Trichoblast"	19	4	1116.84742233967	-759.100929723344
"Trichoblast"	19	5	1115.90760515744	-770.087572544475
"Trichoblast"	19	6	1119.10341456948	-782.987054540339
"Trichoblast"	19	7	1133.0855054364	-798.616318588134
"Trichoblast"	19	8	1142.46815233473	-805.466229822102
"Trichoblast"	19	9	1158.03763671934	-806.266570294174
"Trichoblast"	19	10	1173.60601611106	-798.657285860417
"Trichoblast"	19	11	1183.43587797858	-803.454881209487
"Trichoblast"	19	12	1198.18952447888	-819.315501448004
"Trichoblast"	19	13	1204.27119505814	-834.930373076447
"Trichoblast"	19	14	1208.67027766051	-845.49969075997
"Trichoblast"	19	15	1202.73029377719	-851.286910506663
"Trichoblast"	19	16	1193.98083079495	-848.495138805768
"Trichoblast"	19	17	1185.94093379712	-843.897904822938
"Trichoblast"	19	18	1176.57378431104	-837.557198207135
"Trichoblast"	19	19	1163.22598235309	-834.395698598241
"Trichoblast"	19	20	1152.5171879594	-834.211939637129
"Trichoblast"	19	21	1143.7832223894	-831.929372554399
"Trichoblast"	19	22	1131.11399159137	-825.944001427241
"Trichoblast"	19	23	1118.58313251062	-816.131846957732
"Trichoblast"	19	24	1108.08909190253	-806.25770283926
"Trichoblast"	19	25	1096.99286220282	-793.343828424044
"Trichoblast"	19	26	1091.31412434181	-790.96827686787
"Trichoblast"	19	27	1084.44761070272	-791.4320942422
"Trichoblast"	19	28	1076.26934198761	-790.661643601722
"Trichoblast"	19	29	1067.92170673074	-792.699567067266
"Trichoblast"	19	30	1063.33886516727	-792.839043777431
"Trichoblast"	19	31	1056.93506390961	-791.759749885029
"Trichoblast"	19	32	1050.20581699491	-779.987159011178
"Trichoblast"	19	33	1018.04622900358	-761.598223079856
"Trichoblast"	19	34	1039.16273700106	-701.833103821985
"Trichoblast"	20	1	932.04380226913	-777.825102507784
"Trichoblast"	20	2	924.729904840457	-794.364345371495
"Trichoblast"	20	3	927.73500976516	-831.335251496614
"Trichoblast"	20	4	909.830322277674	-843.159525062254
"Trichoblast"	20	5	907.954025373072	-860.281572563474
"Trichoblast"	20	6	909.585140514979	-872.704672487906
"Trichoblast"	20	7	918.428876036223	-883.226228939952
"Trichoblast"	20	8	940.461650059402	-897.76740909429
"Trichoblast"	20	9	952.953983590602	-909.6949987717
"Trichoblast"	20	10	956.88428684437	-924.436456883569
"Trichoblast"	20	11	960.361995129626	-936.117832752128
"Trichoblast"	20	12	958.049554515084	-956.278107128618
"Trichoblast"	20	13	948.248713943728	-963.026930952442
"Trichoblast"	20	14	944.257272861888	-960.649305722334
"Trichoblast"	20	15	936.970868283704	-945.959624693665
"Trichoblast"	20	16	932.66807507152	-923.443811155142
"Trichoblast"	20	17	926.076000901523	-915.414609678003
"Trichoblast"	20	18	912.262706768908	-908.864560466842
"Trichoblast"	20	19	903.046839854025	-900.857445057776
"Trichoblast"	20	20	890.31085440744	-887.490166641259
"Trichoblast"	20	21	886.030353343756	-870.317662832884
"Trichoblast"	20	22	887.159468913934	-846.423686601116
"Trichoblast"	20	23	882.694203498441	-838.679279097394
"Trichoblast"	20	24	873.923808315221	-829.447434501625
"Trichoblast"	20	25	854.138721599115	-789.509383998927
"Trichoblast"	20	26	906.495074714937	-760.382084466635
"Trichoblast"	21	1	773.506483365679	-743.528929296453
"Trichoblast"	21	2	767.920992062104	-745.182485575784
"Trichoblast"	21	3	755.127382813667	-753.974460586806
"Trichoblast"	21	4	745.303451992006	-763.184093622027
"Trichoblast"	21	5	731.468651052544	-774.956271738965
"Trichoblast"	21	6	713.25987856492	-767.779083432148
"Trichoblast"	21	7	704.836911723208	-767.609399767137
"Trichoblast"	21	8	694.547961821214	-776.98280972842
"Trichoblast"	21	9	674.008635456051	-798.897470645881
"Trichoblast"	21	10	659.12398295213	-810.6404148957
"Trichoblast"	21	11	636.024438827661	-825.035829464942
"Trichoblast"	21	12	607.947184348354	-842.388189466899
"Trichoblast"	21	13	586.198856718684	-851.733175840413
"Trichoblast"	21	14	583.594864959855	-846.39039217154
"Trichoblast"	21	15	599.100587330508	-828.891112378222
"Trichoblast"	21	16	622.395529806932	-804.796273652001
"Trichoblast"	21	17	653.990201384943	-783.075153521788
"Trichoblast"	21	18	678.769676397799	-761.828183466946
"Trichoblast"	21	19	687.958591558963	-753.05430428999
"Trichoblast"	21	20	693.934564734714	-745.41200397558
"Trichoblast"	21	21	690.660034963309	-741.041210323881
"Trichoblast"	21	22	686.980632286545	-736.304056816432
"Trichoblast"	21	23	682.914902653904	-732.373300566381
"Trichoblast"	21	24	681.424410591185	-726.999292937518
"Trichoblast"	21	25	694.294676179409	-707.585020737786
"Trichoblast"	21	26	710.716119730938	-685.311240456947
"Trichoblast"	21	27	714.809670447844	-679.043102872001
"Trichoblast"	21	28	738.690322982098	-684.039185029613
"Trichoblast"	21	29	751.355649273196	-688.024757040446
"Trichoblast"	21	30	763.498848818082	-696.618431437522
"Trichoblast"	21	31	772.551432715963	-711.663283893786
"Trichoblast"	21	32	773.824314551044	-727.839296133411
"Trichoblast"	22	1	679.271060666245	-589.026592325336
"Trichoblast"	22	2	667.958991414152	-587.28025891085
"Trichoblast"	22	3	639.820932665489	-576.482255461508
"Trichoblast"	22	4	627.413905748751	-577.720241964924
"Trichoblast"	22	5	622.143021283285	-569.014207967506
"Trichoblast"	22	6	618.913072268186	-562.682311122277
"Trichoblast"	22	7	614.601896583151	-555.513520045216
"Trichoblast"	22	8	611.008690558627	-554.601487544376
"Trichoblast"	22	9	593.891069382975	-560.307501393772
"Trichoblast"	22	10	568.398691095756	-569.900692022478
"Trichoblast"	22	11	540.537841474584	-573.756700691062
"Trichoblast"	22	12	513.207567627171	-572.939198164751
"Trichoblast"	22	13	495.015578132826	-574.091286323502
"Trichoblast"	22	14	470.796373753295	-573.159602096679
"Trichoblast"	22	15	455.642885482602	-570.530311939535
"Trichoblast"	22	16	452.441492038976	-566.704233024859
"Trichoblast"	22	17	452.659597555868	-562.876818115245
"Trichoblast"	22	18	462.226130837495	-558.292833466697
"Trichoblast"	22	19	475.620079028737	-553.926954335041
"Trichoblast"	22	20	490.865132528187	-550.030925301609
"Trichoblast"	22	21	512.480669845388	-551.402828547029
"Trichoblast"	22	22	544.135262532316	-553.178639756731
"Trichoblast"	22	23	584.945800561902	-543.312026885017
"Trichoblast"	22	24	598.998073288633	-537.722399906077
"Trichoblast"	22	25	628.863494816483	-536.957814197517
"Trichoblast"	22	26	635.134397435851	-528.234071903831
"Trichoblast"	22	27	638.86902673305	-519.649252437488
"Trichoblast"	22	28	643.431087039587	-513.62267921754
"Trichoblast"	22	29	689.903174176186	-509.750779914429
"Trichoblast"	22	30	701.822202543681	-529.422606617785
"Trichoblast"	22	31	711.8251578444	-552.282724315974
"Trichoblast"	22	32	713.912957111308	-559.232189007392
"Trichoblast"	22	33	693.192036202808	-585.052188040125
"Cortex"	23	1	794.07932924259	-663.927425182836
"Cortex"	23	2	763.92993694283	-695.170177508916
"Cortex"	23	3	751.926574893428	-686.60342790471
"Cortex"	23	4	715.529712420916	-677.307020473699
"Cortex"	23	5	687.777598441187	-645.82909200417
"Cortex"	23	6	683.786528867425	-602.15914452329
"Cortex"	23	7	680.659625282266	-590.720900985037
"Cortex"	23	8	693.531000630813	-586.699285728976
"Cortex"	23	9	716.120833355663	-561.423425615972
"Cortex"	23	10	731.076175936049	-555.056206496139
"Cortex"	23	11	755.621114385045	-560.333436123767
"Cortex"	23	12	753.739634772349	-585.263888293931
"Cortex"	23	13	763.766324708484	-615.519489535938
"Cortex"	23	14	775.512103697586	-645.258631881627
"Cortex"	24	1	907.02803694137	-710.042682291122
"Cortex"	24	2	906.52258956292	-759.003748313912
"Cortex"	24	3	853.531368315169	-788.42634855422
"Cortex"	24	4	819.627184980426	-777.850356440192
"Cortex"	24	5	809.720551017966	-777.4203453075
"Cortex"	24	6	805.762699678569	-770.406057423595
"Cortex"	24	7	797.389831146874	-760.733883770693
"Cortex"	24	8	787.043914328588	-758.535646897678
"Cortex"	24	9	774.578081305642	-743.57237338391
"Cortex"	24	10	774.086311603287	-711.516638428578
"Cortex"	24	11	765.083114365845	-696.593753311927
"Cortex"	24	12	795.569782025058	-664.600688241444
"Cortex"	24	13	815.17048483667	-682.815663466546
"Cortex"	24	14	843.407762141241	-697.236155970234
"Cortex"	24	15	870.672224043744	-707.108704761161
"Cortex"	25	1	1014.18704702466	-674.463690141081
"Cortex"	25	2	1038.2855946935	-700.98572951871
"Cortex"	25	3	1016.95601367025	-761.361112859961
"Cortex"	25	4	1012.5787474744	-759.828854734484
"Cortex"	25	5	977.363420620421	-775.486922576895
"Cortex"	25	6	934.037042924106	-775.836820165484
"Cortex"	25	7	909.184162346031	-759.058900526741
"Cortex"	25	8	908.128347933056	-710.339357109557
"Cortex"	25	9	931.364077286099	-711.150159454947
"Cortex"	25	10	962.869826361246	-706.707540557234
"Cortex"	25	11	992.45827780642	-695.508082591989
"Cortex"	26	1	1065.33038395974	-577.272237701689
"Cortex"	26	2	1094.3410099634	-582.299092453583
"Cortex"	26	3	1122.95536850067	-611.443148296466
"Cortex"	26	4	1122.01082836171	-628.97691162053
"Cortex"	26	5	1117.59860209028	-654.608086494431
"Cortex"	26	6	1082.26579585528	-689.827474704065
"Cortex"	26	7	1040.08757609433	-699.612600793133
"Cortex"	26	8	1015.59871598086	-672.465728400051
"Cortex"	26	9	1026.19868713158	-659.431133547916
"Cortex"	26	10	1030.36880581315	-647.471492135502
"Cortex"	26	11	1042.13268362974	-618.439274226407
"Cortex"	26	12	1056.63921761143	-597.636461259485
"Cortex"	27	1	1029.03948978292	-469.67548861767
"Cortex"	27	2	1045.08173309765	-456.882570421325
"Cortex"	27	3	1083.61594036541	-469.875848843543
"Cortex"	27	4	1095.48806499857	-469.042572059612
"Cortex"	27	5	1102.86015929166	-494.323248882404
"Cortex"	27	6	1116.28958516329	-508.236889933747
"Cortex"	27	7	1089.55841747169	-556.491878508338
"Cortex"	27	8	1093.57308347453	-579.665688617875
"Cortex"	27	9	1066.25218303575	-574.946148106216
"Cortex"	27	10	1070.72990324694	-555.810606930601
"Cortex"	27	11	1065.94716711054	-532.746480084517
"Cortex"	27	12	1053.87927888157	-500.377420277785
"Cortex"	27	13	1041.67867903681	-487.934138264413
"Cortex"	28	1	918.376805837123	-406.639602398673
"Cortex"	28	2	920.686024393598	-391.520808811837
"Cortex"	28	3	927.909734018926	-397.787399310483
"Cortex"	28	4	971.20236275982	-367.983153877626
"Cortex"	28	5	993.3992841903	-370.757170051456
"Cortex"	28	6	1008.86237230851	-367.823330945971
"Cortex"	28	7	1042.22167379162	-401.081359238301
"Cortex"	28	8	1043.49748037365	-453.821800936123
"Cortex"	28	9	1027.64238552892	-466.734664325898
"Cortex"	28	10	1012.71837270721	-449.431087253135
"Cortex"	28	11	983.930754549875	-426.741315932999
"Cortex"	28	12	959.332163749241	-416.437657040172
"Cortex"	29	1	812.338145630115	-445.750969399311
"Cortex"	29	2	794.6125927426	-422.997757945766
"Cortex"	29	3	835.85326541758	-368.310135329742
"Cortex"	29	4	879.414424222408	-362.482305344777
"Cortex"	29	5	918.657660235089	-390.334479466895
"Cortex"	29	6	916.610594561713	-405.4704877803
"Cortex"	29	7	898.3326836357	-407.166353361137
"Cortex"	29	8	864.471181505496	-413.631128229144
"Cortex"	30	1	755.933572304072	-558.519131425855
"Cortex"	30	2	731.291316307302	-553.62171003521
"Cortex"	30	3	715.591304714035	-558.789035236253
"Cortex"	30	4	712.816696157641	-550.618035679969
"Cortex"	30	5	703.212823580689	-529.213214195511
"Cortex"	30	6	691.195407991149	-509.157194032578
"Cortex"	30	7	694.083190362678	-457.028133355102
"Cortex"	30	8	746.494753967365	-422.547849386378
"Cortex"	30	9	792.053855755979	-424.911117174036
"Cortex"	30	10	808.998289806931	-448.787545667383
"Cortex"	30	11	790.98763666504	-451.800255733765
"Cortex"	30	12	773.850257371235	-472.556064344756
"Cortex"	30	13	759.067146144342	-513.914516120575
"Endodermis"	31	1	812.097713763474	-645.564209382041
"Endodermis"	31	2	795.711791054283	-662.775673104769
"Endodermis"	31	3	777.10289434002	-644.481523066956
"Endodermis"	31	4	755.653165151318	-584.945305696305
"Endodermis"	31	5	757.096701337129	-559.783946273906
"Endodermis"	31	6	766.778113865992	-554.322718607089
"Endodermis"	31	7	779.890468154131	-552.212134600335
"Endodermis"	31	8	788.140116083617	-575.486706861151
"Endodermis"	31	9	795.257888346445	-601.21883840718
"Endodermis"	31	10	807.649526044595	-620.808683170277
"Endodermis"	32	1	813.285981077636	-646.950935328436
"Endodermis"	32	2	832.746185700926	-662.522245960643
"Endodermis"	32	3	865.230545169449	-667.723757967454
"Endodermis"	32	4	883.109017598672	-676.527238403665
"Endodermis"	32	5	878.403987491703	-697.171198246994
"Endodermis"	32	6	872.446118165927	-705.177830893318
"Endodermis"	32	7	844.230215254019	-696.212069530334
"Endodermis"	32	8	816.448975325881	-681.581106024995
"Endodermis"	32	9	797.678444653589	-663.839341322641
"Endodermis"	33	1	977.796459217305	-668.044109584795
"Endodermis"	33	2	984.014402076845	-676.760650174335
"Endodermis"	33	3	991.70948569101	-694.18526031977
"Endodermis"	33	4	963.567742152986	-704.966011516042
"Endodermis"	33	5	932.187750365612	-710.223954919812
"Endodermis"	33	6	907.328736508719	-708.316645548477
"Endodermis"	33	7	875.239839972063	-705.984432188495
"Endodermis"	33	8	880.482899531021	-698.912428824571
"Endodermis"	33	9	884.054312888707	-676.488289285432
"Endodermis"	33	10	908.330045011218	-672.559298125228
"Endodermis"	33	11	943.639167587892	-673.792667023908
"Endodermis"	34	1	1026.2190272581	-597.032800254755
"Endodermis"	34	2	1037.1955513293	-600.88763662422
"Endodermis"	34	3	1046.29148130406	-609.005628611812
"Endodermis"	34	4	1040.1399027962	-618.013129605515
"Endodermis"	34	5	1025.18096940798	-656.293101187592
"Endodermis"	34	6	1013.54629850289	-671.798067820091
"Endodermis"	34	7	993.465916549306	-692.133199211459
"Endodermis"	34	8	985.891645551219	-676.303024001498
"Endodermis"	34	9	979.6100827267	-667.311081480063
"Endodermis"	34	10	994.842032737055	-653.988431141571
"Endodermis"	34	11	1007.05154157619	-638.423641989111
"Endodermis"	34	12	1019.44573717074	-620.166740324097
"Endodermis"	35	1	1041.79627405521	-541.333084555504
"Endodermis"	35	2	1057.14112898789	-532.737610314917
"Endodermis"	35	3	1065.04621812624	-533.613618753826
"Endodermis"	35	4	1069.54768509107	-555.975406113908
"Endodermis"	35	5	1064.83770812307	-575.354878889637
"Endodermis"	35	6	1055.63225140111	-597.240604511242
"Endodermis"	35	7	1047.34235743981	-607.683871928374
"Endodermis"	35	8	1038.79095690417	-599.944513065636
"Endodermis"	35	9	1027.36980163833	-595.96911080501
"Endodermis"	35	10	1035.45135944675	-582.218113413277
"Endodermis"	35	11	1041.89962129267	-558.648857063065
"Endodermis"	36	1	1009.75337388536	-476.312890571099
"Endodermis"	36	2	1021.49090577503	-467.005670339541
"Endodermis"	36	3	1028.1033141687	-469.171307967596
"Endodermis"	36	4	1040.53117321052	-489.349264266613
"Endodermis"	36	5	1052.52716011899	-500.806980248751
"Endodermis"	36	6	1064.90646037457	-532.469275551831
"Endodermis"	36	7	1057.13394100971	-531.351427506727
"Endodermis"	36	8	1041.45721864135	-540.030628374037
"Endodermis"	36	9	1034.76287073446	-520.040384317706
"Endodermis"	36	10	1023.57339388408	-506.551625053895
"Endodermis"	36	11	1014.17017084219	-489.277044242479
"Endodermis"	37	1	927.009348929342	-437.821515411678
"Endodermis"	37	2	929.127129367557	-419.531061178643
"Endodermis"	37	3	933.878770344927	-412.110899750463
"Endodermis"	37	4	958.77382033407	-417.699607512348
"Endodermis"	37	5	983.266110182563	-427.727311881256
"Endodermis"	37	6	1010.92672837515	-449.132048930635
"Endodermis"	37	7	1027.01416573063	-467.514106918915
"Endodermis"	37	8	1021.37111566551	-465.893750220002
"Endodermis"	37	9	1009.04809365703	-475.201120720291
"Endodermis"	37	10	987.706842085949	-467.480956038038
"Endodermis"	37	11	964.13115861342	-458.853304546459
"Endodermis"	37	12	950.695157778888	-452.304034363592
"Endodermis"	37	13	935.86401557279	-445.239351299596
"Endodermis"	38	1	780.387189151112	-550.744503235776
"Endodermis"	38	2	788.402479461522	-540.460399203706
"Endodermis"	38	3	796.264215677537	-522.388898729773
"Endodermis"	38	4	805.879611986255	-498.917743797716
"Endodermis"	38	5	819.690884632114	-477.878919337321
"Endodermis"	38	6	820.706440113701	-464.924696649731
"Endodermis"	38	7	815.906216086681	-452.772981319415
"Endodermis"	38	8	811.224869066516	-448.621676385125
"Endodermis"	38	9	791.904984898599	-453.129612339979
"Endodermis"	38	10	775.359207936138	-473.504620708186
"Endodermis"	38	11	760.968302032333	-514.893713477244
"Endodermis"	38	12	757.262770924309	-557.803646669146
"Endodermis"	38	13	766.219276942153	-552.483266329023
"Endodermis"	39	1	822.239801990744	-464.445906722456
"Endodermis"	39	2	816.633560582928	-452.048269189261
"Endodermis"	39	3	812.107450315272	-447.837003421884
"Endodermis"	39	4	865.025918543742	-415.047889760167
"Endodermis"	39	5	901.424507463992	-408.421717844664
"Endodermis"	39	6	917.995643324343	-407.953308800066
"Endodermis"	39	7	930.686257173331	-412.540256288791
"Endodermis"	39	8	927.647297856703	-419.09323438766
"Endodermis"	39	9	926.024393217347	-437.479680269176
"Endodermis"	39	10	905.980033938985	-439.623462068147
"Endodermis"	39	11	884.749139326447	-451.901866556009
"Endodermis"	39	12	861.712468329873	-462.577551913192
"Endodermis"	39	13	840.582348763473	-469.481905929273
"Pericycle"	40	1	857.010768364993	-492.364052145412
"Pericycle"	40	2	849.441271499121	-482.772542996133
"Pericycle"	40	3	842.438373594369	-474.177103898196
"Pericycle"	40	4	842.260382627456	-470.768559276275
"Pericycle"	40	5	862.725735164632	-463.896473550002
"Pericycle"	40	6	886.213373804225	-452.985413572662
"Pericycle"	40	7	907.3427137844	-441.383196321581
"Pericycle"	40	8	926.208900222151	-439.295480362801
"Pericycle"	40	9	935.161247440527	-446.077800158645
"Pericycle"	40	10	932.037533644225	-465.561687978523
"Pericycle"	40	11	923.092686028311	-478.83064094009
"Pericycle"	40	12	904.443553980098	-488.467558598924
"Pericycle"	40	13	878.638117880204	-492.723992914719
"Pericycle"	41	1	933.344729448402	-464.418536461728
"Pericycle"	41	2	936.359228619716	-447.074882952551
"Pericycle"	41	3	963.233100037527	-460.059956465962
"Pericycle"	41	4	1008.37126176213	-476.63811453845
"Pericycle"	41	5	1012.65274249461	-489.320373423173
"Pericycle"	41	6	1017.04731681212	-497.246069024647
"Pericycle"	41	7	996.378858578134	-510.351639854314
"Pericycle"	41	8	983.682776797981	-512.775105041481
"Pericycle"	41	9	962.801415539724	-502.96533971305
"Pericycle"	41	10	951.410263031133	-496.037597482649
"Pericycle"	41	11	937.934777690584	-480.942004873743
"Pericycle"	42	1	1017.62329267274	-498.176292120831
"Pericycle"	42	2	1022.36802128806	-506.501567875845
"Pericycle"	42	3	1033.72465796976	-520.535808701579
"Pericycle"	42	4	1040.36543866399	-540.6331490614
"Pericycle"	42	5	1041.10860653129	-558.660005586259
"Pericycle"	42	6	1034.13831749037	-582.245840629263
"Pericycle"	42	7	1025.60259902547	-595.153189834292
"Pericycle"	42	8	1009.69450049553	-588.275735159901
"Pericycle"	42	9	1006.9092879521	-574.858562348757
"Pericycle"	42	10	1000.24030999314	-565.368137816089
"Pericycle"	42	11	996.363915877011	-552.553970019677
"Pericycle"	42	12	1005.208352532	-536.983296794022
"Pericycle"	42	13	1002.16462034415	-530.831046890534
"Pericycle"	42	14	997.283165997905	-520.70891022894
"Pericycle"	42	15	997.575524251271	-511.328805622024
"Pericycle"	43	1	1009.59473233931	-589.139361079518
"Pericycle"	43	2	1025.46993249091	-596.134213454538
"Pericycle"	43	3	1018.88603524008	-619.668387694049
"Pericycle"	43	4	1006.53972136625	-637.747056271767
"Pericycle"	43	5	994.285340963671	-653.393041753092
"Pericycle"	43	6	977.295415634318	-666.178435018728
"Pericycle"	43	7	971.501836094293	-656.436824838962
"Pericycle"	43	8	969.729455420021	-644.046395826507
"Pericycle"	43	9	971.811441452793	-630.457250841927
"Pericycle"	43	10	981.065686323235	-623.859142409041
"Pericycle"	43	11	990.094336736735	-619.548030543811
"Pericycle"	43	12	993.576305484825	-608.707180312902
"Pericycle"	43	13	994.684726572689	-602.604503778838
"Pericycle"	43	14	1001.50902508351	-593.908891906257
"Pericycle"	44	1	976.318461056327	-666.905647257817
"Pericycle"	44	2	944.012953652457	-672.826010543161
"Pericycle"	44	3	908.96086449086	-671.097016746675
"Pericycle"	44	4	884.37117167375	-675.478400058654
"Pericycle"	44	5	886.355992797814	-664.443612903152
"Pericycle"	44	6	896.826573163146	-654.855621482725
"Pericycle"	44	7	910.948868289697	-653.957308496604
"Pericycle"	44	8	920.479040893861	-646.649786963744
"Pericycle"	44	9	939.499109998443	-644.948982572387
"Pericycle"	44	10	949.762133828139	-647.436554327764
"Pericycle"	44	11	963.813424771513	-654.051955406663
"Pericycle"	44	12	971.023306052189	-657.846133202061
"Pericycle"	45	1	883.228386851125	-675.43386039125
"Pericycle"	45	2	865.064388565803	-666.516633446402
"Pericycle"	45	3	833.15799235697	-661.734505930554
"Pericycle"	45	4	813.747142857172	-645.09139066867
"Pericycle"	45	5	809.555202807033	-622.240093264086
"Pericycle"	45	6	829.450845321128	-624.20814871344
"Pericycle"	45	7	848.620008398526	-628.479985332141
"Pericycle"	45	8	869.773947270954	-642.0401236572
"Pericycle"	45	9	882.476543760468	-652.681909949546
"Pericycle"	45	10	885.27689845087	-664.260117555003
"Pericycle"	46	1	809.032065927975	-620.246082662266
"Pericycle"	46	2	795.51686179776	-600.332254186048
"Pericycle"	46	3	789.199250031914	-575.076610964638
"Pericycle"	46	4	780.57086799559	-551.372405283068
"Pericycle"	46	5	801.229143027464	-551.405953299405
"Pericycle"	46	6	807.578567640093	-556.795267544298
"Pericycle"	46	7	820.20917063549	-572.59458623435
"Pericycle"	46	8	823.340036310374	-582.991234121399
"Pericycle"	46	9	828.285663644922	-591.383687555196
"Pericycle"	46	10	824.411398150941	-605.611289661588
"Pericycle"	46	11	817.969922374902	-612.462090338112
"Pericycle"	46	12	815.446083937566	-617.120021652356
"Pericycle"	46	13	815.296281632455	-620.702361414661
"Pericycle"	47	1	781.892016551486	-550.269938757822
"Pericycle"	47	2	789.058643634926	-541.329136082918
"Pericycle"	47	3	806.837100867264	-499.56843624531
"Pericycle"	47	4	821.034883909052	-478.306056914096
"Pericycle"	47	5	821.698129562028	-465.75053090648
"Pericycle"	47	6	840.606847091446	-470.975129949507
"Pericycle"	47	7	840.480874363819	-474.404004729323
"Pericycle"	47	8	855.261479252551	-493.037835560858
"Pericycle"	47	9	847.761423900604	-503.986096051212
"Pericycle"	47	10	844.567832726741	-516.304395387145
"Pericycle"	47	11	836.045885581292	-525.224258201389
"Pericycle"	47	12	828.500673187648	-535.045594031275
"Pericycle"	47	13	822.863773255916	-545.542951231977
"Pericycle"	47	14	809.178712394778	-550.493389020681
"Pericycle"	47	15	801.24213897309	-550.548044459843
"Phloem"	48	1	969.915653194912	-656.019893859416
"Phloem"	48	2	950.129524353265	-644.823823652706
"Phloem"	48	3	947.243925930858	-635.893333848983
"Phloem"	48	4	952.99454199796	-624.514576114193
"Phloem"	48	5	962.566710795793	-619.73115724266
"Phloem"	48	6	966.976814154949	-625.451835123239
"Phloem"	48	7	970.36647970098	-630.485870603987
"Phloem"	48	8	967.873360616064	-643.633001877378
"Phloem"	49	1	948.912976224868	-645.071576007919
"Phloem"	49	2	940.012276974348	-643.033255534872
"Phloem"	49	3	926.294753354158	-644.865309991194
"Phloem"	49	4	919.818755687407	-645.564790858457
"Phloem"	49	5	915.62000707237	-641.001111644737
"Phloem"	49	6	917.286246776054	-634.062530749778
"Phloem"	49	7	922.477182854699	-627.757299538581
"Phloem"	49	8	934.803952262888	-627.992082473949
"Phloem"	49	9	943.439320719785	-632.538456818929
"Phloem"	49	10	946.115136519893	-636.077369771174
"Phloem"	50	1	918.250084849171	-646.721735722859
"Phloem"	50	2	910.15155456243	-652.65082428547
"Phloem"	50	3	896.254083376394	-654.045724140772
"Phloem"	50	4	885.997239651351	-662.947480743136
"Phloem"	50	5	884.404113773696	-652.867496292482
"Phloem"	50	6	880.571353109186	-647.759912502002
"Phloem"	50	7	879.013810556778	-637.861906556806
"Phloem"	50	8	883.989215744331	-630.937542239131
"Phloem"	50	9	895.372540239598	-630.695525369008
"Phloem"	50	10	899.779669575047	-629.07802821601
"Phloem"	50	11	915.828387792782	-634.819935278019
"Phloem"	50	12	913.729055367302	-640.992987886289
"Phloem"	51	1	951.363996259516	-624.753999876497
"Phloem"	51	2	946.775945770453	-634.625603606738
"Phloem"	51	3	944.677586932741	-632.107395036745
"Phloem"	51	4	936.083894619926	-626.324785418421
"Phloem"	51	5	927.829788042683	-626.143864264807
"Phloem"	51	6	922.081704397761	-626.701011831083
"Phloem"	51	7	915.391149427686	-618.090098413605
"Phloem"	51	8	932.848816549854	-600.600742317262
"Phloem"	51	9	943.058948663823	-602.571958019039
"Phloem"	51	10	943.261320329476	-614.718779861382
"Phloem"	51	11	947.832149713875	-617.32034071954
"Phloem"	51	12	951.524608017011	-621.227272561924
"Phloem"	52	1	915.944973503687	-633.784134473134
"Phloem"	52	2	901.232778869215	-628.483639081412
"Phloem"	52	3	905.672248720694	-618.380902384294
"Phloem"	52	4	910.994812888399	-617.481137365581
"Phloem"	52	5	914.244803681053	-618.960455476605
"Phloem"	52	6	921.126406941313	-627.836426648791
"Phloem"	53	1	899.849789936168	-628.260607851254
"Phloem"	53	2	894.415678900363	-623.542696588658
"Phloem"	53	3	893.700992670154	-615.13287948706
"Phloem"	53	4	901.621126617937	-613.886022351856
"Phloem"	53	5	904.425054950276	-618.131318328974
"Phloem"	54	1	919.782032474649	-612.308734532361
"Phloem"	54	2	914.358592573744	-617.739814531349
"Phloem"	54	3	910.565421130573	-616.366707720976
"Phloem"	54	4	905.729900926244	-617.594199752089
"Phloem"	54	5	902.626313925075	-613.618978581821
"Phloem"	54	6	910.628346397529	-608.036159223897
"Phloem"	54	7	915.378146052737	-607.812338981514
"Phloem"	55	1	932.413309748419	-468.583680760401
"Phloem"	55	2	936.871194847285	-481.754619718324
"Phloem"	55	3	946.727889481054	-492.719075307827
"Phloem"	55	4	947.11770982453	-506.353023009182
"Phloem"	55	5	940.504690350891	-510.760632715573
"Phloem"	55	6	929.846049616604	-508.017262143632
"Phloem"	55	7	920.218064675837	-502.580739638948
"Phloem"	55	8	916.375199048378	-490.095417129553
"Phloem"	55	9	916.277971598089	-484.819732351474
"Phloem"	55	10	923.966912681113	-481.136099536566
"Phloem"	56	1	917.556604611965	-499.779064471876
"Phloem"	56	2	908.98896985363	-505.289122823211
"Phloem"	56	3	897.871420954366	-510.832959223286
"Phloem"	56	4	889.977840444348	-515.630188754662
"Phloem"	56	5	879.766890184953	-507.98174698175
"Phloem"	56	6	873.935444603103	-501.336241472022
"Phloem"	56	7	874.001700050707	-496.326453640703
"Phloem"	56	8	874.233046830683	-494.538135937179
"Phloem"	56	9	879.556727108163	-494.426808745156
"Phloem"	56	10	904.311759910206	-490.283544332189
"Phloem"	56	11	914.71148346661	-485.228684756451
"Phloem"	56	12	914.732770208093	-490.686176579014
"Phloem"	57	1	880.664738402175	-509.936886915713
"Phloem"	57	2	875.376194850026	-519.996004513376
"Phloem"	57	3	867.696473289825	-527.075525095516
"Phloem"	57	4	855.667226189492	-526.17392297855
"Phloem"	57	5	848.448897539367	-519.567192040464
"Phloem"	57	6	846.312909340942	-516.963513759186
"Phloem"	57	7	849.007825684335	-504.002582366175
"Phloem"	57	8	856.921392285962	-494.553228544184
"Phloem"	57	9	873.023746402034	-494.890802954981
"Phloem"	57	10	873.082480823532	-501.645706565461
"Phloem"	58	1	932.360918498725	-510.712733558736
"Phloem"	58	2	927.014753868184	-516.0577005777
"Phloem"	58	3	917.162767799369	-518.56514427396
"Phloem"	58	4	910.734817112486	-515.406233720742
"Phloem"	58	5	907.867636234198	-512.40912773213
"Phloem"	58	6	905.701467445063	-508.885097768309
"Phloem"	58	7	909.539058241383	-506.509469021007
"Phloem"	58	8	918.063036612339	-501.209831405805
"Phloem"	58	9	918.897446109505	-504.010351181268
"Phloem"	58	10	928.593331271018	-508.615426228907
"Phloem"	59	1	914.18994614412	-518.729091635374
"Phloem"	59	2	908.017491741888	-526.596702419743
"Phloem"	59	3	900.551137650575	-525.570978076149
"Phloem"	59	4	894.132131209511	-520.611963128089
"Phloem"	59	5	891.940666052995	-516.738361743963
"Phloem"	59	6	892.916751071597	-515.290493953959
"Phloem"	59	7	898.148130230357	-512.127370492238
"Phloem"	59	8	904.693888285169	-509.848679445569
"Phloem"	59	9	906.904234093176	-513.126159620421
"Phloem"	59	10	909.855451746028	-516.544132933849
"Phloem"	60	1	938.430796495454	-513.096829250192
"Phloem"	60	2	934.686560660026	-521.676366024479
"Phloem"	60	3	930.310543614731	-525.841239606007
"Phloem"	60	4	923.747781130459	-523.743949748477
"Phloem"	60	5	921.123624485804	-520.904084633702
"Phloem"	60	6	919.676421030256	-518.975523589042
"Phloem"	60	7	926.963050929912	-516.837325680947
"Phloem"	60	8	932.946037944226	-511.315694693566
"Phloem"	60	9	933.994767721283	-510.111869849396
"Phloem"	60	10	939.893337109159	-511.455389345944
"Phloem"	61	1	898.664889796385	-526.080313279676
"Phloem"	61	2	893.200132807337	-532.428032224537
"Phloem"	61	3	885.457483257815	-538.436420434674
"Phloem"	61	4	878.63607530292	-534.562427471381
"Phloem"	61	5	872.678362971276	-527.808629525528
"Phloem"	61	6	871.039990498659	-525.632088722042
"Phloem"	61	7	875.811484089726	-520.846728432058
"Phloem"	61	8	881.48581468563	-510.462988107333
"Phloem"	61	9	889.013554251229	-516.125048976712
"Phloem"	61	10	890.879169690871	-516.544994676622
"Phloem"	61	11	893.140191377372	-520.811326455144
"Xylem"	62	1	953.70371259087	-559.237214307789
"Xylem"	62	2	951.931481716575	-576.44200167763
"Xylem"	62	3	942.136801880501	-581.763624425893
"Xylem"	62	4	932.548096685257	-570.879001625102
"Xylem"	62	5	934.649241203877	-555.63761292401
"Xylem"	62	6	940.290123821914	-551.178074414619
"Xylem"	63	1	935.899136164434	-576.347552969904
"Xylem"	63	2	925.580604488079	-583.052791324795
"Xylem"	63	3	913.550899087382	-581.553475614332
"Xylem"	63	4	914.929653414431	-572.105602805479
"Xylem"	63	5	913.927445705606	-562.112803834564
"Xylem"	63	6	922.132696955243	-562.329291095249
"Xylem"	63	7	932.757632485783	-561.542453095736
"Xylem"	63	8	931.460943649937	-570.832529407374
"Xylem"	64	1	912.193460473522	-581.272476459965
"Xylem"	64	2	904.402124285984	-582.152411413589
"Xylem"	64	3	888.328571059787	-580.982044688126
"Xylem"	64	4	877.531589503461	-574.603952117253
"Xylem"	64	5	880.742170136653	-565.737513041247
"Xylem"	64	6	889.236846676716	-560.699498443525
"Xylem"	64	7	901.93138978921	-561.691668358915
"Xylem"	64	8	912.712041104357	-562.260201038672
"Xylem"	64	9	913.964379477512	-572.16876207899
"Xylem"	65	1	884.573241384428	-580.569935117227
"Xylem"	65	2	876.261933064967	-574.556324095158
"Xylem"	65	3	879.627993829992	-565.516184079635
"Xylem"	65	4	887.850935435301	-560.367602767228
"Xylem"	65	5	876.779324844592	-557.193975208085
"Xylem"	65	6	867.276094990235	-556.16182793141
"Xylem"	65	7	861.158822083591	-556.370206213591
"Xylem"	65	8	857.360980638631	-562.939932035237
"Xylem"	65	9	856.356230478137	-576.957946905382
"Xylem"	65	10	859.337811278291	-580.832053118737
"Xylem"	65	11	862.960598137394	-582.616049432108
"Xylem"	65	12	877.63325399632	-586.310228992492
"Xylem"	65	13	878.936082137222	-586.777171350356
"Xylem"	66	1	860.682262349978	-583.026879416325
"Xylem"	66	2	856.933288557235	-588.669965243675
"Xylem"	66	3	852.061482216666	-590.437352049516
"Xylem"	66	4	845.034362472798	-577.688325406043
"Xylem"	66	5	840.960177211723	-561.809522197616
"Xylem"	66	6	847.322315635961	-551.923650359995
"Xylem"	66	7	853.028758558388	-549.436936290399
"Xylem"	66	8	857.570940690357	-553.924324190007
"Xylem"	66	9	860.033939921112	-556.461314480893
"Xylem"	66	10	856.151503811215	-562.957045832686
"Xylem"	66	11	855.652352149748	-577.21664510615
"Xylem"	66	12	858.717505208361	-581.423861266027
"Procambium"	67	1	904.045144111894	-583.25101184433
"Procambium"	67	2	907.385382569187	-589.216069552691
"Procambium"	67	3	906.428091637033	-597.966487262934
"Procambium"	67	4	889.089735914562	-597.671906712788
"Procambium"	67	5	881.647397886079	-593.064908292677
"Procambium"	67	6	879.53123630467	-588.224324742009
"Procambium"	67	7	885.740859528166	-580.976199668327
"Procambium"	67	8	887.336295140057	-582.031567730158
"Procambium"	68	1	887.711758525642	-598.853656659868
"Procambium"	68	2	880.90588289282	-604.516368667091
"Procambium"	68	3	876.903656601028	-610.424058085765
"Procambium"	68	4	860.571329610696	-607.037550643583
"Procambium"	68	5	852.773114441522	-596.525503275209
"Procambium"	68	6	852.376062896866	-591.162796237547
"Procambium"	68	7	857.585924267219	-589.980699731379
"Procambium"	68	8	861.725865966409	-583.303288494629
"Procambium"	68	9	878.384315149275	-587.872471093557
"Procambium"	68	10	880.42277173613	-593.418862968926
"Procambium"	69	1	870.417342975995	-526.623985382269
"Procambium"	69	2	867.920244221552	-527.946409144764
"Procambium"	69	3	862.618061792395	-527.775379997517
"Procambium"	69	4	855.474116012059	-527.429375342518
"Procambium"	69	5	853.711599669376	-535.211552982109
"Procambium"	69	6	853.87104570198	-548.793227666276
"Procambium"	69	7	860.78757200126	-555.46298134077
"Procambium"	69	8	867.815146982228	-555.045465179762
"Procambium"	69	9	877.549672410446	-556.434523537647
"Procambium"	69	10	881.62726005715	-548.855878997045
"Procambium"	69	11	884.949994250082	-539.120171322777
"Procambium"	69	12	881.178184007171	-536.726513841979
"Procambium"	69	13	878.317629826571	-535.285353720819
"Procambium"	69	14	877.355370009924	-534.334525004948
"Procambium"	69	15	870.417342975995	-526.623985382269
"Procambium"	69	16	870.417342975995	-526.623985382269
"Procambium"	70	1	852.436136184525	-548.638724027119
"Procambium"	70	2	846.805601873723	-550.940445523559
"Procambium"	70	3	844.011891250525	-554.639125548667
"Procambium"	70	4	834.530026499012	-553.099623959547
"Procambium"	70	5	823.870277921224	-546.300693875202
"Procambium"	70	6	829.114338949583	-535.558947109621
"Procambium"	70	7	836.993374337268	-526.099567843936
"Procambium"	70	8	845.003193957144	-518.102332788876
"Procambium"	70	9	853.676835658988	-527.083339663313
"Procambium"	70	10	852.639430551776	-534.928543605187
"Procambium"	71	1	851.41649041372	-591.199795998171
"Procambium"	71	2	841.627658919292	-587.663030356327
"Procambium"	71	3	829.587600208603	-591.256010666263
"Procambium"	71	4	824.104481949345	-582.515109358697
"Procambium"	71	5	821.307490293627	-572.151215375565
"Procambium"	71	6	808.308342412353	-556.233977373225
"Procambium"	71	7	802.429958593985	-551.465911197096
"Procambium"	71	8	809.11804213557	-551.447111491213
"Procambium"	71	9	822.636040573094	-546.958930345102
"Procambium"	71	10	833.691118107887	-553.95039854906
"Procambium"	71	11	843.625555899716	-555.774572889534
"Procambium"	71	12	840.227232643951	-562.096697128173
"Procambium"	71	13	844.120442162496	-578.090978449613
"Procambium"	72	1	859.978988308308	-608.394582192878
"Procambium"	72	2	851.637225502091	-615.749481781689
"Procambium"	72	3	837.851621056636	-623.771759821183
"Procambium"	72	4	830.09515707136	-623.044556200399
"Procambium"	72	5	816.80314219656	-621.7072719078
"Procambium"	72	6	816.544746295555	-617.557621240912
"Procambium"	72	7	818.665900139998	-613.533459447919
"Procambium"	72	8	826.014013423404	-606.921547558032
"Procambium"	72	9	829.597308586533	-593.270745683111
"Procambium"	72	10	841.904671711257	-589.147456486618
"Procambium"	72	11	851.589557343766	-592.521603526589
"Procambium"	72	12	851.388775145534	-596.328883119305
"Procambium"	73	1	861.77302469026	-609.523215409897
"Procambium"	73	2	851.936414070076	-616.972636330997
"Procambium"	73	3	839.280683871626	-624.716063066706
"Procambium"	73	4	849.472502208281	-627.319364228971
"Procambium"	73	5	870.72263606457	-641.277624150092
"Procambium"	73	6	879.659364602642	-648.093937895318
"Procambium"	73	7	877.60309374987	-637.882371007506
"Procambium"	73	8	877.60309374987	-637.882371007506
"Procambium"	73	9	882.545151134967	-630.550649268682
"Procambium"	73	10	874.625100324896	-623.093473421565
"Procambium"	73	11	874.163445218368	-620.800865911683
"Procambium"	73	12	875.930117530637	-612.483189524529
"Procambium"	73	13	861.77302469026	-609.523215409897
"Procambium"	73	14	861.77302469026	-609.523215409897
"Procambium"	74	1	898.006930341139	-628.30623577899
"Procambium"	74	2	895.401269985909	-629.618234239345
"Procambium"	74	3	883.681102150935	-630.268389989322
"Procambium"	74	4	875.561021138026	-622.774284680711
"Procambium"	74	5	875.114280161106	-620.938960681668
"Procambium"	74	6	877.449649180893	-612.728002966241
"Procambium"	74	7	881.544117449049	-605.515696047925
"Procambium"	74	8	884.530181935455	-603.861405831731
"Procambium"	74	9	891.39965738129	-612.738970304452
"Procambium"	74	10	893.034634934042	-614.625416076278
"Procambium"	74	11	893.533317280636	-623.812667003083
"Procambium"	75	1	906.687103426551	-599.413412061285
"Procambium"	75	2	909.810065934721	-607.18751670472
"Procambium"	75	3	901.921624165277	-612.478566873938
"Procambium"	75	4	893.880564308358	-614.482208074908
"Procambium"	75	5	891.975027624971	-612.135195684816
"Procambium"	75	6	885.210181305765	-602.99138430138
"Procambium"	75	7	888.947705866236	-599.11201776668
"Procambium"	76	1	925.863162230426	-584.322777134142
"Procambium"	76	2	932.161896717945	-600.047270689857
"Procambium"	76	3	920.08586811736	-611.600316288842
"Procambium"	76	4	915.981870271072	-607.148415357953
"Procambium"	76	5	911.232192230583	-607.104542799185
"Procambium"	76	6	907.25335348533	-598.320467258356
"Procambium"	76	7	908.52841553347	-589.813463501961
"Procambium"	76	8	905.655402017517	-583.567005224949
"Procambium"	76	9	912.53062667136	-582.483321434069
"Procambium"	77	1	936.747188483132	-577.501663344539
"Procambium"	77	2	941.518248626398	-582.890030934124
"Procambium"	77	3	947.176732494168	-580.059362409152
"Procambium"	77	4	951.223312219992	-590.57699653605
"Procambium"	77	5	946.827327482627	-599.721791868785
"Procambium"	77	6	943.364989275288	-601.985276387935
"Procambium"	77	7	933.205723470252	-599.81879617123
"Procambium"	77	8	926.878048087772	-583.74867671256
"Procambium"	78	1	961.700776173284	-619.177875502099
"Procambium"	78	2	952.311080096511	-624.064063441757
"Procambium"	78	3	952.388425696092	-621.051315608466
"Procambium"	78	4	948.699957949921	-616.780006197909
"Procambium"	78	5	944.262388817423	-614.344516624722
"Procambium"	78	6	943.968299281611	-602.91398722494
"Procambium"	78	7	946.921339225823	-601.031323443785
"Procambium"	78	8	952.07483938523	-591.437261592632
"Procambium"	78	9	960.363333787519	-599.701809310292
"Procambium"	78	10	961.826746922609	-601.328165752445
"Procambium"	79	1	953.099843937917	-572.430062790273
"Procambium"	79	2	966.026786210187	-575.398119867185
"Procambium"	79	3	970.407906063355	-582.569855887515
"Procambium"	79	4	971.775763467254	-590.47505793946
"Procambium"	79	5	967.013397600773	-596.173072125479
"Procambium"	79	6	963.692997764338	-600.342428553191
"Procambium"	79	7	962.382649020943	-600.763160680783
"Procambium"	79	8	952.201808002244	-590.713350012951
"Procambium"	79	9	947.97557606375	-579.991039976754
"Procambium"	79	10	952.432548219822	-576.984648679437
"Procambium"	80	1	972.560587122442	-591.264310865448
"Procambium"	80	2	981.747181236442	-594.46009004879
"Procambium"	80	3	991.91455992574	-600.056458896657
"Procambium"	80	4	993.773126985318	-603.503032954667
"Procambium"	80	5	992.66086486857	-608.430841022124
"Procambium"	80	6	989.750287452119	-619.082134126249
"Procambium"	80	7	980.669218856702	-623.300964555794
"Procambium"	80	8	971.303420539592	-629.934132854424
"Procambium"	80	9	963.373609949688	-618.384909789116
"Procambium"	80	10	962.579206079607	-601.643622253889
"Procambium"	80	11	963.9822198138	-601.073104090558
"Procambium"	81	1	1008.50864785047	-588.734011720241
"Procambium"	81	2	1000.50661505225	-593.321694898753
"Procambium"	81	3	993.983182632324	-602.40686505232
"Procambium"	81	4	992.231180830085	-599.368395617895
"Procambium"	81	5	982.307152186443	-593.835356592958
"Procambium"	81	6	973.166581422006	-590.209986256619
"Procambium"	81	7	971.326849479662	-582.254641448875
"Procambium"	81	8	967.089665749216	-575.056925125626
"Procambium"	81	9	972.262068648203	-562.658151589749
"Procambium"	81	10	979.928904555188	-558.838623733618
"Procambium"	81	11	990.544770817084	-554.97815900595
"Procambium"	81	12	995.262381289156	-553.065909678414
"Procambium"	81	13	999.18961228307	-566.141023195718
"Procambium"	81	14	1005.98380480882	-575.143480788723
"Procambium"	82	1	962.547686109479	-545.682511482335
"Procambium"	82	2	975.654046857495	-556.147484175378
"Procambium"	82	3	976.380909749596	-559.215741286294
"Procambium"	82	4	971.121677274489	-562.291153112021
"Procambium"	82	5	965.97768670057	-574.194166738212
"Procambium"	82	6	953.466380198748	-571.276231267614
"Procambium"	82	7	954.719888882654	-558.677148898301
"Procambium"	82	8	949.0003399899	-555.430127977703
"Procambium"	83	1	1003.88737526354	-536.818297529241
"Procambium"	83	2	995.235540006154	-551.626785361687
"Procambium"	83	3	977.809041046823	-558.69791953578
"Procambium"	83	4	976.876691752041	-556.025121128166
"Procambium"	83	5	963.670912833894	-544.118641928878
"Procambium"	83	6	962.883049098544	-536.444715621711
"Procambium"	83	7	968.204269695816	-528.258169137564
"Procambium"	83	8	978.663411036392	-528.929002434471
"Procambium"	83	9	990.224473965224	-526.795805647438
"Procambium"	83	10	996.471772173768	-521.400982718905
"Procambium"	84	1	996.644434453037	-511.603256494463
"Procambium"	84	2	995.802736560079	-520.813889141775
"Procambium"	84	3	990.099204532966	-526.030521649193
"Procambium"	84	4	978.436152866283	-527.818200130536
"Procambium"	84	5	967.609412135037	-527.247236861154
"Procambium"	84	6	961.766716432741	-523.290500202964
"Procambium"	84	7	950.104725162141	-514.933308004157
"Procambium"	84	8	941.20262081815	-511.616144423198
"Procambium"	84	9	948.00619747267	-507.148450445924
"Procambium"	84	10	948.013077695518	-493.283222638683
"Procambium"	84	11	950.61412314573	-496.938527337299
"Procambium"	84	12	962.148748567277	-503.858769873269
"Procambium"	84	13	983.545642173515	-514.092925914498
"Procambium"	85	1	962.000785416412	-545.37507570886
"Procambium"	85	2	961.336918177947	-536.70942528857
"Procambium"	85	3	966.450002819694	-529.020947919237
"Procambium"	85	4	950.396723781791	-516.741559416414
"Procambium"	85	5	946.836705173015	-524.736112367979
"Procambium"	85	6	948.398444067224	-554.633412602553
"Procambium"	86	1	947.230352024668	-554.205109193267
"Procambium"	86	2	940.420060440055	-550.420682260131
"Procambium"	86	3	931.846354389223	-537.780923436227
"Procambium"	86	4	930.685236083198	-526.567626536049
"Procambium"	86	5	935.042160157051	-522.495884715348
"Procambium"	86	6	939.826066622408	-513.348574140287
"Procambium"	86	7	941.067887183994	-512.458172104304
"Procambium"	86	8	949.717789891306	-516.100640701442
"Procambium"	86	9	945.924826352942	-524.583291652359
"Procambium"	87	1	932.836931303527	-560.881630630141
"Procambium"	87	2	921.837436868008	-561.407950722505
"Procambium"	87	3	912.353780488012	-550.673674513808
"Procambium"	87	4	912.654771251075	-541.469599604478
"Procambium"	87	5	924.607828008057	-538.596380450793
"Procambium"	87	6	931.348816167139	-538.398678976451
"Procambium"	87	7	939.25469894405	-551.078137671048
"Procambium"	87	8	933.863408476933	-555.403794489055
"Procambium"	88	1	931.342409788282	-537.909638851927
"Procambium"	88	2	924.3392990188	-537.829282863158
"Procambium"	88	3	911.978321202232	-540.717204041882
"Procambium"	88	4	907.547015969248	-530.225332769475
"Procambium"	88	5	907.971946722174	-527.647076679428
"Procambium"	88	6	915.006311486616	-518.915714793666
"Procambium"	88	7	916.940003554152	-519.23441285836
"Procambium"	88	8	919.108812420838	-519.204306606719
"Procambium"	88	9	923.252530116172	-524.190717914782
"Procambium"	88	10	929.906549633489	-526.781088789705
"Procambium"	89	1	920.496075508329	-561.543286761388
"Procambium"	89	2	913.074404761305	-561.547807469074
"Procambium"	89	3	900.627507667002	-560.692652776986
"Procambium"	89	4	901.715253825624	-549.413164462563
"Procambium"	89	5	893.023588814936	-538.200506313726
"Procambium"	89	6	890.850807513068	-535.389765387144
"Procambium"	89	7	893.576538704198	-533.107163558841
"Procambium"	89	8	899.754603964357	-526.62410496569
"Procambium"	89	9	907.324270949953	-527.288582460543
"Procambium"	89	10	906.86906055328	-530.890077171182
"Procambium"	89	11	911.690092930851	-541.755543081936
"Procambium"	89	12	911.545228699618	-551.209576455563
"Procambium"	90	1	899.849558486568	-560.732380765817
"Procambium"	90	2	889.04744422452	-559.88636639847
"Procambium"	90	3	878.368862788471	-556.697893329125
"Procambium"	90	4	882.420007555111	-549.311916345543
"Procambium"	90	5	885.619363634994	-539.843771369926
"Procambium"	90	6	890.239701622938	-535.994497434834
"Procambium"	90	7	900.909379330292	-549.806401008931
