ROI.name	ROI.id	point	x	y
Epidermis	1	1	155.7341376	-333.1799192
Epidermis	1	2	166.5899596	-332.3757842
Epidermis	1	3	177.4457816	-340.2831114
Epidermis	1	4	175.5694667	-379.551702
Epidermis	1	5	172.8890168	-383.9744443
Epidermis	1	6	165.3837572	-387.0569616
Epidermis	1	7	157.47643	-386.5208717
Epidermis	1	8	145.2803831	-381.0259494
Epidermis	1	9	141.7957983	-376.7372296
Epidermis	1	10	137.641101	-370.5721949
Epidermis	1	11	140.6663894	-361.2347622
Epidermis	2	1	351.0925061	-264.5217511
Epidermis	2	2	335.7021496	-232.4585086
Epidermis	2	3	352.0544033	-208.0904442
Epidermis	2	4	387.965235	-221.2363737
Epidermis	2	5	392.7747214	-225.7252276
Epidermis	2	6	394.3778835	-239.8330544
Epidermis	2	7	394.6985159	-247.5282326
Epidermis	2	8	391.1715593	-255.2234108
Epidermis	2	9	384.1176459	-262.2773242
Epidermis	2	10	368.406657	-261.9566917
Epidermis	3	1	184.9253496	-97.13250687
Epidermis	3	2	182.6423206	-83.849429
Epidermis	3	3	179.7366473	-61.6417832
Epidermis	3	4	182.6423206	-50.01909007
Epidermis	3	5	189.4914076	-43.58509924
Epidermis	3	6	199.453716	-42.33981069
Epidermis	3	7	209.8311206	-49.60399389
Epidermis	3	8	216.8877557	-53.96250381
Epidermis	3	9	216.6802076	-66.6229374
Epidermis	3	10	210.661313	-95.26457404
Epidermis	3	11	198.2084275	-94.84947786
Epidermis	4	1	98.93971166	-328.9943828
Epidermis	4	2	91.40164775	-326.4344562
Epidermis	4	3	86.2121769	-322.9190082
Epidermis	4	4	81.6923152	-316.3903191
Epidermis	4	5	81.19010835	-307.6854003
Epidermis	4	6	83.19893577	-298.4782746
Epidermis	4	7	86.2121769	-292.7865969
Epidermis	4	8	93.91268203	-286.4253101
Epidermis	4	9	104.9612329	-274.7071501
Epidermis	4	10	107.1374626	-270.8568975
Epidermis	4	11	111.8247265	-275.0419547
Epidermis	4	12	120.86445	-279.2270118
Epidermis	4	13	134.5914373	-281.7380461
Epidermis	4	14	137.2698739	-286.4253101
Epidermis	4	15	141.7897356	-297.6412632
Epidermis	4	16	141.3364211	-307.3017034
Epidermis	4	17	144.1176033	-312.7563612
Epidermis	4	18	132.3025398	-315.4447199
Epidermis	4	19	120.0315186	-319.0173828
Epidermis	4	20	104.3429966	-324.1629224
Epidermis	5	1	63.1196625	-216.9406888
Epidermis	5	2	58.34590652	-210.0452635
Epidermis	5	3	57.10826607	-198.7296937
Epidermis	5	4	62.23563362	-186.1764835
Epidermis	5	5	66.3021665	-183.1707853
Epidermis	5	6	86.28121933	-181.2259218
Epidermis	5	7	104.4922144	-181.4027275
Epidermis	5	8	109.6195819	-190.9502395
Epidermis	5	9	111.5644455	-201.3817804
Epidermis	5	10	114.2165321	-203.3266439
Epidermis	5	11	110.326805	-211.1060981
Epidermis	5	12	100.2488757	-225.7809776
Epidermis	5	13	97.59678908	-227.1954239
Epidermis	5	14	79.91621135	-221.537639
Epidermis	6	1	329.4222401	-298.4509184
Epidermis	6	2	345.3302371	-287.3293983
Epidermis	6	3	359.5488894	-291.6935391
Epidermis	6	4	370.388852	-300.1402632
Epidermis	6	5	373.7675416	-306.1937488
Epidermis	6	6	374.4714353	-319.0046137
Epidermis	6	7	373.3452054	-324.6357631
Epidermis	6	8	369.9665158	-328.5775677
Epidermis	6	9	362.927579	-332.9417085
Epidermis	6	10	352.3691739	-334.4902745
Epidermis	6	11	345.1894584	-328.8591251
Epidermis	6	12	335.7572832	-315.7667028
Epidermis	6	13	330.4076912	-305.3490764
Epidermis	7	1	250.5335624	-350.1151593
Epidermis	7	2	269.9004661	-345.5824797
Epidermis	7	3	286.1082295	-370.5808944
Epidermis	7	4	300.11833	-382.530686
Epidermis	7	5	289.6794315	-391.5960452
Epidermis	7	6	281.4381959	-398.0516798
Epidermis	7	7	270.4498818	-399.9746347
Epidermis	7	8	255.7530116	-392.008107
Epidermis	7	9	252.1818095	-389.2610285
Epidermis	8	1	80.41000802	-147.0122369
Epidermis	8	2	77.64845219	-140.6769029
Epidermis	8	3	76.83622988	-130.2804574
Epidermis	8	4	81.7095637	-116.7975672
Epidermis	8	5	87.23267536	-111.9242334
Epidermis	8	6	96.81689854	-109.8124554
Epidermis	8	7	107.3757885	-110.9495666
Epidermis	8	8	113.548678	-115.9853449
Epidermis	8	9	117.447345	-121.9957899
Epidermis	8	10	119.884012	-128.3311239
Epidermis	8	11	122.6455678	-134.1791245
Epidermis	8	12	124.4324568	-138.8900138
Epidermis	8	13	125.2446792	-142.6262364
Epidermis	8	14	120.8586787	-148.9615704
Epidermis	8	15	116.1477894	-154.6471265
Epidermis	8	16	112.5740112	-157.4086824
Epidermis	8	17	110.4622332	-158.8706825
Epidermis	8	18	109.325122	-157.0837934
Epidermis	8	19	100.5531211	-152.697793
Epidermis	8	20	88.69467551	-148.1493481
Epidermis	9	1	81.01996823	-299.5322216
Epidermis	9	2	72.87981443	-289.1026496
Epidermis	9	3	67.91940821	-280.9624958
Epidermis	9	4	64.10371112	-268.1163156
Epidermis	9	5	76.94989133	-262.0112002
Epidermis	9	6	87.25227347	-257.4323637
Epidermis	9	7	96.7915162	-253.107907
Epidermis	9	8	104.2957205	-262.9015295
Epidermis	9	9	106.3307589	-269.0066449
Epidermis	9	10	103.659771	-273.7126713
Epidermis	9	11	93.10300901	-284.2694333
Epidermis	9	12	84.45409561	-291.5192577
Epidermis	10	1	232.8149059	-348.3295583
Epidermis	10	2	249.5720849	-350.664575
Epidermis	10	3	251.6323938	-390.085152
Epidermis	10	4	249.5720849	-394.3431237
Epidermis	10	5	244.9020514	-399.2878651
Epidermis	10	6	237.5586297	-408.3398739
Epidermis	10	7	231.0344024	-408.3398739
Epidermis	10	8	224.510175	-406.0372055
Epidermis	10	9	220.6723943	-401.8156466
Epidermis	10	10	216.0670574	-395.6751974
Epidermis	10	11	212.9968327	-390.3023043
Epidermis	10	12	212.6130547	-385.6969674
Epidermis	11	1	288.9457136	-101.6018376
Epidermis	11	2	305.7967501	-117.1312241
Epidermis	11	3	313.3962371	-111.6794182
Epidermis	11	4	328.2647987	-105.2363748
Epidermis	11	5	339.6640293	-99.78456892
Epidermis	11	6	344.1245978	-91.68946316
Epidermis	11	7	339.9944418	-76.65569533
Epidermis	11	8	334.0470171	-69.22141453
Epidermis	11	9	324.6302615	-64.26522733
Epidermis	11	10	315.0482995	-63.60440237
Epidermis	11	11	306.4575751	-66.41290845
Epidermis	11	12	300.3449442	-83.75956364
Epidermis	11	13	291.919426	-98.462919
Epidermis	12	1	178.383939	-339.7470214
Epidermis	12	2	205.7245277	-331.3036043
Epidermis	12	3	216.1782822	-339.2109314
Epidermis	12	4	226.4980143	-344.4378087
Epidermis	12	5	231.7248915	-348.4584835
Epidermis	12	6	211.8895625	-384.7785792
Epidermis	12	7	209.879225	-392.6859064
Epidermis	12	8	202.1059204	-393.7580863
Epidermis	12	9	190.311941	-391.3456814
Epidermis	12	10	180.7963439	-385.3146692
Epidermis	12	11	176.6416466	-379.283657
Epidermis	13	1	345.5077401	-286.1279126
Epidermis	13	2	351.3076302	-265.6902046
Epidermis	13	3	368.1549301	-263.34263
Epidermis	13	4	383.7593964	-263.8950005
Epidermis	13	5	386.5212488	-264.0330931
Epidermis	13	6	390.2497496	-269.2806128
Epidermis	13	7	391.7687684	-273.5614841
Epidermis	13	8	392.4592315	-281.8470414
Epidermis	13	9	387.0736193	-292.8944511
Epidermis	13	10	383.4832111	-297.7276929
Epidermis	13	11	371.3310604	-299.3848044
Epidermis	13	12	365.3930776	-294.1372847
Epidermis	13	13	360.0074654	-290.5468766
Epidermis	14	1	352.2054278	-185.0668865
Epidermis	14	2	342.8511698	-177.872418
Epidermis	14	3	337.0210645	-163.9515543
Epidermis	14	4	349.2761837	-154.8494512
Epidermis	14	5	365.1324205	-138.0744183
Epidermis	14	6	367.4005676	-134.9539767
Epidermis	14	7	370.8907566	-134.7212974
Epidermis	14	8	376.0097006	-136.5827316
Epidermis	14	9	381.3613238	-144.2611475
Epidermis	14	10	387.4109848	-153.1029598
Epidermis	14	11	391.8318909	-162.8754891
Epidermis	14	12	390.6684946	-170.0885465
Epidermis	14	13	389.176856	-181.2208404
Epidermis	14	14	377.8711347	-178.4650002
Epidermis	14	15	369.2620017	-178.9303587
Epidermis	15	1	66.4429604	-182.1029285
Epidermis	15	2	63.76812303	-178.1441692
Epidermis	15	3	60.23733769	-171.9385465
Epidermis	15	4	61.62825313	-161.5601775
Epidermis	15	5	69.22479127	-152.3587369
Epidermis	15	6	73.39753758	-149.576906
Epidermis	15	7	80.35211476	-148.3999776
Epidermis	15	8	88.48362038	-149.8978865
Epidermis	15	9	97.89904794	-153.4286719
Epidermis	15	10	107.7424495	-157.6014182
Epidermis	15	11	109.6683324	-159.8482816
Epidermis	15	12	109.7753259	-168.5147546
Epidermis	15	13	109.2403584	-171.0825985
Epidermis	15	14	106.0305536	-177.6092017
Epidermis	15	15	104.4256511	-180.1770456
Epidermis	15	16	85.59479601	-179.8560651
Epidermis	16	1	108.6011737	-110.3683526
Epidermis	16	2	109.0831316	-97.51614267
Epidermis	16	3	113.9027103	-86.75241687
Epidermis	16	4	122.7386046	-81.29022766
Epidermis	16	5	132.2171094	-80.80826979
Epidermis	16	6	138.1612565	-84.66393276
Epidermis	16	7	146.3545403	-91.73264821
Epidermis	16	8	156.4756556	-102.0144161
Epidermis	16	9	162.4198027	-107.637258
Epidermis	16	10	164.0263289	-110.6896578
Epidermis	16	11	165.4722026	-115.9911944
Epidermis	16	12	160.4919712	-125.9516571
Epidermis	16	13	156.6363082	-133.1810252
Epidermis	16	14	155.5117399	-136.233425
Epidermis	16	15	141.6956142	-137.3579934
Epidermis	16	16	135.7514671	-138.9645196
Epidermis	16	17	130.4499306	-140.7316985
Epidermis	16	18	126.433615	-141.374309
Epidermis	16	19	126.1123097	-138.1612565
Epidermis	16	20	119.2042469	-122.4172994
Epidermis	16	21	114.3846682	-114.3846682
Epidermis	17	1	268.2949336	-95.32400044
Epidermis	17	2	263.1735402	-61.29151501
Epidermis	17	3	273.4163271	-49.56187198
Epidermis	17	4	283.659114	-48.73584078
Epidermis	17	5	288.6153012	-49.72707822
Epidermis	17	6	295.8843757	-57.16135902
Epidermis	17	7	302.1622128	-61.78713373
Epidermis	17	8	304.6403064	-66.24770221
Epidermis	17	9	301.1709754	-74.67322045
Epidermis	17	10	298.6928818	-82.93353244
Epidermis	17	11	290.7629823	-97.30647532
Epidermis	17	12	287.128445	-100.4453939
Epidermis	17	13	279.1985455	-97.47168156
Epidermis	18	1	299.9994845	-305.2082977
Epidermis	18	2	307.3199787	-302.2519442
Epidermis	18	3	328.4367889	-299.0140333
Epidermis	18	4	329.2814613	-305.6306339
Epidermis	18	5	335.0533895	-317.0337114
Epidermis	18	6	344.6263435	-330.2669125
Epidermis	18	7	347.019582	-335.0533895
Epidermis	18	8	343.6408923	-344.2040073
Epidermis	18	9	334.3494958	-356.029421
Epidermis	18	10	330.9708062	-357.7187658
Epidermis	18	11	328.2960102	-358.9857745
Epidermis	18	12	312.5287919	-349.8351567
Epidermis	18	13	289.5818581	-335.1941682
Epidermis	18	14	287.6109558	-331.6746998
Epidermis	18	15	295.7761224	-320.2716223
Epidermis	18	16	298.5916971	-312.2472344
Epidermis	19	1	98.50653283	-333.9840542
Epidermis	19	2	100.6508927	-329.2932669
Epidermis	19	3	105.073635	-325.2725921
Epidermis	19	4	113.2490071	-322.4581197
Epidermis	19	5	131.6100888	-316.829175
Epidermis	19	6	144.8783156	-313.6126351
Epidermis	19	7	149.3010579	-318.5714674
Epidermis	19	8	156.4042501	-327.8190195
Epidermis	19	9	155.8681601	-331.1695818
Epidermis	19	10	153.5897777	-335.4583016
Epidermis	19	11	144.7442931	-351.9430683
Epidermis	19	12	138.5792584	-362.3968228
Epidermis	19	13	135.0946736	-365.8814076
Epidermis	19	14	128.9296389	-366.6855426
Epidermis	19	15	120.2181768	-366.4174976
Epidermis	19	16	109.4963773	-363.6030253
Epidermis	19	17	102.7952526	-357.0359231
Epidermis	19	18	99.0426228	-351.9430683
Epidermis	19	19	97.16630789	-342.6955162
Epidermis	20	1	211.1555642	-95.54640301
Epidermis	20	2	217.8329326	-67.86475914
Epidermis	20	3	218.2027678	-55.10544476
Epidermis	20	4	228.5581534	-49.00316396
Epidermis	20	5	246.6800782	-49.00316396
Epidermis	20	6	261.8433214	-61.76247835
Epidermis	20	7	266.6164369	-95.86616216
Epidermis	20	8	238.1738686	-112.2449831
Epidermis	21	1	352.2373713	-206.192877
Epidermis	21	2	352.6063446	-186.6401661
Epidermis	21	3	369.6432418	-180.7059659
Epidermis	21	4	377.1088484	-180.3231143
Epidermis	21	5	389.3601004	-182.6202241
Epidermis	21	6	398.3571135	-195.828605
Epidermis	21	7	398.5485393	-206.9313021
Epidermis	21	8	391.0829327	-215.3540378
Epidermis	21	9	388.2115455	-218.225425
Epidermis	22	1	96.66110952	-252.0967834
Epidermis	22	2	96.22894361	-237.259087
Epidermis	22	3	96.94922013	-228.3276581
Epidermis	22	4	72.60387362	-221.2689482
Epidermis	22	5	63.67244472	-218.9640633
Epidermis	22	6	55.89345826	-221.1248929
Epidermis	22	7	49.84313546	-226.0227732
Epidermis	22	8	47.68230589	-235.386368
Epidermis	22	9	48.40258241	-247.7751243
Epidermis	22	10	53.44451808	-256.4184425
Epidermis	22	11	58.63050905	-261.1722676
Epidermis	22	12	63.38433411	-267.2225904
Epidermis	22	13	80.52691538	-259.011438
Epidermis	23	1	273.746376	-342.2859855
Epidermis	23	2	287.0697069	-332.5338567
Epidermis	23	3	288.7179541	-335.5556431
Epidermis	23	4	312.3428295	-351.2139907
Epidermis	23	5	327.0396996	-359.8672881
Epidermis	23	6	327.0396996	-370.1688326
Epidermis	23	7	317.9743405	-378.6847761
Epidermis	23	8	311.5187059	-383.7668714
Epidermis	23	9	300.9424535	-381.7065625
Epidermis	23	10	286.6576452	-369.6194169
Epidermis	23	11	272.3728368	-347.7801426
Epidermis	23	12	270.4498818	-344.6210023
Epidermis	24	1	133.1218256	-80.30079603
Epidermis	24	2	139.323485	-71.53293281
Epidermis	24	3	151.299103	-62.23044379
Epidermis	24	4	160.2808166	-60.73349154
Epidermis	24	5	170.6525572	-63.08584508
Epidermis	24	6	175.3572643	-64.36894702
Epidermis	24	7	179.0996449	-62.55121928
Epidermis	24	8	180.3827469	-76.98611603
Epidermis	24	9	181.4519985	-82.33237409
Epidermis	24	10	184.0182024	-97.94344762
Epidermis	24	11	179.6342707	-102.3273792
Epidermis	24	12	170.0110062	-108.7428889
Epidermis	24	13	165.4132243	-111.4160179
Epidermis	24	14	162.9108739	-107.0725138
Epidermis	24	15	155.651676	-99.54090044
Epidermis	24	16	147.7333022	-91.44851032
Epidermis	24	17	139.3309702	-84.21486992
Epidermis	25	1	314.3781782	-145.0239372
Epidermis	25	2	310.1634799	-138.8934669
Epidermis	25	3	308.0561308	-126.0577948
Epidermis	25	4	307.6729764	-119.352593
Epidermis	25	5	313.6118695	-113.6052771
Epidermis	25	6	340.5597886	-101.1336966
Epidermis	25	7	347.5210331	-102.8769541
Epidermis	25	8	359.3988192	-110.7316191
Epidermis	25	9	365.9124439	-123.1841369
Epidermis	25	10	364.3798263	-137.1692722
Epidermis	25	11	349.0536507	-153.4533338
Epidermis	25	12	336.6011329	-163.2237708
Epidermis	25	13	327.0222732	-160.1585357
Epidermis	25	14	320.3170713	-152.1122934
Columela	26	1	155.1045486	-60.75080649
Columela	26	2	151.865907	-53.13289042
Columela	26	3	153.6145844	-46.27269444
Columela	26	4	156.7083983	-42.90985327
Columela	26	5	163.4340807	-41.02666222
Columela	26	6	170.5633039	-41.02666222
Columela	26	7	175.6748225	-45.19658527
Columela	26	8	179.1721773	-48.69394008
Columela	26	9	181.5673095	-50.41518858
Columela	26	10	179.1042513	-61.03018223
Columela	26	11	178.7454847	-62.18620789
Columela	26	12	175.2375448	-63.84052047
Columela	26	13	160.5281149	-59.73445994
Columela	27	1	182.0234297	-49.47344998
Columela	27	2	171.7400776	-40.72855211
Columela	27	3	174.1692159	-34.97959147
Columela	27	4	180.5659467	-29.31160211
Columela	27	5	185.8290797	-28.25897552
Columela	27	6	194.0071786	-28.6638319
Columela	27	7	197.4889435	-30.20228616
Columela	27	8	198.8654552	-33.76502232
Columela	27	9	200.0800244	-40.32369572
Columela	27	10	200.0800244	-41.94312126
Columela	27	11	189.5537584	-42.50992019
Columela	28	1	218.1365883	-53.20703309
Columela	28	2	201.9956853	-41.79221075
Columela	28	3	199.8757906	-32.10126333
Columela	28	4	198.8678039	-30.33117662
Columela	28	5	200.673231	-27.62303585
Columela	28	6	203.8327286	-25.36625188
Columela	28	7	206.5408694	-24.55380965
Columela	28	8	212.3182364	-24.82462372
Columela	28	9	219.1788596	-27.0814077
Columela	28	10	222.9702567	-31.32416157
Columela	28	11	224.053513	-32.1366038
Columela	28	12	223.8729703	-42.78862416
Columela	28	13	227.6643674	-48.29517706
Columela	29	1	228.6573523	-48.02436298
Columela	29	2	224.9562266	-42.78862416
Columela	29	3	224.8659553	-32.04633244
Columela	29	4	227.9351815	-29.15764895
Columela	29	5	235.0666188	-27.62303585
Columela	29	6	243.2813125	-29.24792031
Columela	29	7	246.169996	-33.6712169
Columela	29	8	246.9824382	-39.71939796
Columela	29	9	246.5310814	-46.58002124
Columela	29	10	246.7116241	-48.38544842
Columela	30	1	262.2913014	-60.85324156
Columela	30	2	247.6312023	-48.47513901
Columela	30	3	247.5620509	-39.76206124
Columela	30	4	247.0088396	-34.92146248
Columela	30	5	253.5782236	-34.3682512
Columela	30	6	261.392333	-34.43740261
Columela	30	7	265.2648121	-36.02788506
Columela	30	8	269.967108	-39.00139572
Columela	30	9	272.3874074	-41.00678664
Columela	30	10	272.9406187	-45.15587129
Columela	30	11	272.4565588	-49.23580453
Columela	31	1	273.4938299	-48.95919889
Columela	31	2	273.9778898	-45.15587129
Columela	31	3	273.4246785	-41.35254369
Columela	31	4	284.1431472	-40.730181
Columela	31	5	302.0533626	-46.33144527
Columela	31	6	308.346141	-52.34761802
Columela	31	7	313.8091025	-62.92778388
Columela	31	8	305.4417818	-65.90129455
Columela	31	9	303.2289366	-61.06069579
Columela	31	10	296.3829469	-56.63500549
Columela	31	11	289.1912002	-48.89004748
Columela	31	12	283.6590873	-47.50701926
Columela	32	1	309.1881406	-51.82460298
Columela	32	2	314.0666912	-49.58526828
Columela	32	3	319.665028	-48.3856247
Columela	32	4	328.382438	-50.06512572
Columela	32	5	332.9410837	-55.42353374
Columela	32	6	333.9807748	-59.18241698
Columela	32	7	329.9456439	-66.57759478
Columela	32	8	324.9088822	-63.71626136
Columela	32	9	315.2783709	-62.74666492
Columela	33	1	334.1559445	-68.68741353
Columela	33	2	335.0462512	-69.66454239
Columela	33	3	341.0572956	-76.14394883
Columela	33	4	344.6358624	-91.05464377
Columela	33	5	349.2084755	-86.48203066
Columela	33	6	352.2900191	-83.10227314
Columela	33	7	352.6876377	-77.53561369
Columela	33	8	350.0037126	-71.57133572
Columela	33	9	346.2263365	-68.39038746
Columela	33	10	340.8584864	-64.71241604
Columela	33	11	338.8703937	-62.62491875
Columela	33	12	336.4846825	-60.53742146
Columela	33	13	334.2270812	-59.36471419
Columela	33	14	330.4307046	-66.62562233
Columela	34	1	347.9885836	-102.1549216
Columela	34	2	341.5087088	-100.0413594
Columela	34	3	344.9289262	-91.77583395
Columela	34	4	352.4534045	-84.25135564
Columela	34	5	357.6977379	-83.51030853
Columela	34	6	363.4551039	-87.15854044
Columela	34	7	368.3004119	-95.82309122
Columela	34	8	371.1505931	-101.46645
Columela	34	9	370.3525423	-106.9387978
Columela	34	10	364.0821437	-110.1310007
Columela	34	11	360.1413358	-110.632278
Columela	35	1	365.6839458	-134.0629496
Columela	35	2	366.9636083	-123.0966679
Columela	35	3	360.8359402	-111.4740823
Columela	35	4	364.5643176	-110.7395725
Columela	35	5	371.2098681	-107.2697718
Columela	35	6	377.0908863	-110.3279012
Columela	35	7	382.6190434	-115.8560583
Columela	35	8	387.1474274	-121.9723172
Columela	35	9	388.7353023	-134.4400758
Columela	35	10	378.3847103	-138.9096496
Columela	35	11	376.7968354	-136.3220016
Columela	35	12	371.4451088	-134.1460249
Columela	36	1	379.8839095	-140.2714126
Columela	36	2	389.5514702	-135.6751299
Columela	36	3	397.5093323	-139.9891444
Columela	36	4	402.5277951	-153.465593
Columela	36	5	400.9948481	-160.2381557
Columela	36	6	395.8201285	-167.3730053
Columela	36	7	392.837181	-169.5735609
Columela	36	8	393.6669019	-163.9959339
Columela	36	9	387.1666017	-149.5419217
Columela	37	1	392.1988621	-171.5908636
Columela	37	2	395.750599	-169.2837313
Columela	37	3	397.9578631	-167.549757
Columela	37	4	407.3975625	-172.8413351
Columela	37	5	411.2558544	-184.6591946
Columela	37	6	406.8124172	-194.3606673
Columela	37	7	400.2408818	-201.8075471
Columela	37	8	399.7633733	-195.2546275
Columela	37	9	390.7015215	-182.0309727
Columela	38	1	400.134093	-202.9349885
Columela	38	2	406.5719926	-209.8179274
Columela	38	3	413.2185418	-216.966467
Columela	38	4	414.9726519	-224.3934511
Columela	38	5	412.4028074	-239.3834862
Columela	38	6	408.4885928	-247.1400683
Columela	38	7	402.269912	-250.0495668
Columela	38	8	392.1090541	-254.9392182
Columela	38	9	395.6001719	-247.9015708
Columela	38	10	393.5779642	-225.4805153
Columela	38	11	388.6500034	-219.6448604
Columela	38	12	399.4925127	-207.4764003
Columela	39	1	385.5996563	-262.1282204
Columela	39	2	391.7272066	-255.8287183
Columela	39	3	403.7537669	-250.6257826
Columela	39	4	409.5694255	-253.0607727
Columela	39	5	415.4437327	-259.9940322
Columela	39	6	415.6839896	-266.9693143
Columela	39	7	413.180303	-275.3516934
Columela	39	8	409.6804213	-280.5604087
Columela	39	9	404.2467978	-283.920066
Columela	39	10	396.5770572	-286.9513128
Columela	39	11	391.0233053	-286.823329
Columela	39	12	392.9378045	-282.0869575
Columela	39	13	392.2805695	-273.7321248
Columela	39	14	390.8193404	-268.9499967
Columela	40	1	390.6580132	-287.5072511
Columela	40	2	397.50967	-292.5943571
Columela	40	3	401.9835557	-298.0622239
Columela	40	4	402.411429	-302.5444947
Columela	40	5	397.4450768	-310.6099908
Columela	40	6	393.4880546	-313.5995609
Columela	40	7	383.3475366	-317.3124343
Columela	40	8	375.0096337	-317.9435971
Columela	40	9	374.2552774	-306.1927749
Columela	40	10	371.3381288	-300.2455522
Columela	40	11	383.8339038	-298.2813715
Columela	40	12	387.8883013	-293.3712275
Columela	41	1	375.3954901	-318.5763974
Columela	41	2	383.1591034	-318.3260255
Columela	41	3	386.6158116	-324.963294
Columela	41	4	385.0545951	-332.5700439
Columela	41	5	376.5285695	-340.2355944
Columela	41	6	367.7637974	-341.1614364
Columela	41	7	362.576037	-339.2280294
Columela	41	8	357.7360376	-334.4365521
Columela	41	9	362.7202647	-333.6246074
Columela	41	10	369.8636727	-329.6501341
Columela	41	11	374.002594	-324.9341421
Columela	42	1	356.4603884	-334.5706458
Columela	42	2	352.1198698	-335.1736576
Columela	42	3	345.9470154	-330.5606069
Columela	42	4	347.6223329	-335.4367893
Columela	42	5	344.710052	-344.5769377
Columela	42	6	336.620474	-354.2942542
Columela	42	7	346.4535	-357.0101645
Columela	42	8	356.7425067	-355.267499
Columela	42	9	364.1145373	-349.7996615
Columela	42	10	366.8451301	-344.3727415
Columela	42	11	367.6942434	-342.3720309
Columela	42	12	361.8882866	-339.9815138
Columela	43	1	336.4439906	-354.752063
Columela	43	2	334.6855481	-356.5596086
Columela	43	3	327.8938058	-359.9006531
Columela	43	4	327.6103921	-370.4420538
Columela	43	5	324.2685996	-373.6101066
Columela	43	6	330.734739	-376.2075449
Columela	43	7	335.7920314	-375.8615271
Columela	43	8	342.0716304	-371.6335659
Columela	43	9	347.8150934	-365.3312071
Columela	43	10	346.2061132	-357.5401189
Columela	44	1	324.0204041	-373.7848597
Columela	44	2	326.2681646	-378.9258143
Columela	44	3	326.498813	-384.4754401
Columela	44	4	324.8954062	-388.4119262
Columela	44	5	318.3463576	-393.3632895
Columela	44	6	314.108429	-392.8960576
Columela	44	7	310.8921467	-391.6315294
Columela	44	8	306.1559613	-387.4611288
Columela	44	9	301.316306	-382.3625845
Columela	44	10	311.7708737	-384.5714038
Columela	44	11	318.5099203	-379.1217376
Columela	45	1	307.1924758	-389.8515375
Columela	45	2	307.3049473	-394.9694296
Columela	45	3	303.7975089	-399.6663379
Columela	45	4	291.1410718	-406.9406341
Columela	45	5	282.282215	-405.5462391
Columela	45	6	276.5897637	-401.7375177
Columela	45	7	275.6338201	-399.7369458
Columela	45	8	281.4753331	-398.7192711
Columela	45	9	300.8554519	-383.1371915
Columela	46	1	275.1277373	-399.9394507
Columela	46	2	272.6528249	-406.8265388
Columela	46	3	265.6646816	-414.363415
Columela	46	4	260.1749837	-418.5225998
Columela	46	5	252.5677187	-419.8447492
Columela	46	6	243.8361941	-416.9717886
Columela	46	7	240.3780478	-414.1262691
Columela	46	8	238.136551	-409.313092
Columela	46	9	243.8730539	-401.7742266
Columela	46	10	249.8049301	-395.2331744
Columela	46	11	252.1252998	-390.3954796
Columela	46	12	255.6853748	-393.069616
Columela	46	13	270.2720722	-400.6619935
Columela	47	1	237.1918534	-409.0768304
Columela	47	2	228.9083898	-416.8295059
Columela	47	3	216.3060384	-418.6431961
Columela	47	4	204.4411933	-414.6528682
Columela	47	5	199.5337337	-411.0769595
Columela	47	6	196.6758395	-401.2299824
Columela	47	7	197.8154183	-393.3977707
Columela	47	8	201.9260607	-394.2400071
Columela	47	9	209.8252493	-393.305906
Columela	47	10	212.0298351	-386.877969
Columela	47	11	212.491947	-390.3400477
Columela	47	12	215.3214302	-395.8091075
Columela	47	13	219.6156159	-401.8080581
Columela	47	14	224.042138	-406.2656331
Columela	47	15	230.5621918	-408.9333137
Columela	48	1	197.2704541	-393.3283623
Columela	48	2	189.9967965	-399.1209995
Columela	48	3	180.2553852	-405.1008755
Columela	48	4	167.5615201	-407.0186118
Columela	48	5	160.0178899	-402.9370088
Columela	48	6	152.7014137	-397.3062066
Columela	48	7	150.8976773	-392.0723305
Columela	48	8	151.7830135	-387.0979688
Columela	48	9	152.576927	-385.0632697
Columela	48	10	156.810788	-387.2141672
Columela	48	11	165.8435025	-388.3440062
Columela	48	12	173.0189776	-384.5781613
Columela	48	13	176.1900028	-379.9148758
Columela	48	14	180.3659524	-385.5378969
Columela	48	15	189.9919798	-391.7432561
Columela	49	1	151.8766358	-385.0056914
Columela	49	2	146.6147218	-388.0972172
Columela	49	3	138.0277674	-389.5784349
Columela	49	4	127.2658125	-388.1135754
Columela	49	5	117.8196299	-376.8080423
Columela	49	6	117.1263628	-371.0464684
Columela	49	7	118.8960145	-366.594278
Columela	49	8	120.1282219	-366.9710873
Columela	49	9	128.8953364	-367.1826926
Columela	49	10	135.1541353	-366.6342611
Columela	49	11	139.4482453	-362.8861475
Columela	49	12	138.5790094	-366.2923031
Columela	49	13	136.9713865	-370.9995495
Columela	49	14	144.9064484	-381.5633189
Columela	50	1	116.0382692	-372.0184239
Columela	50	2	112.5194562	-374.276214
Columela	50	3	106.7186703	-373.5006052
Columela	50	4	100.2404933	-368.0075431
Columela	50	5	97.39083037	-362.9385597
Columela	50	6	97.08074227	-359.3951248
Columela	50	7	99.77706683	-355.3323658
Columela	50	8	100.3628909	-354.5638014
Columela	50	9	102.0005201	-356.9245802
Columela	50	10	109.3032067	-363.8901957
Columela	50	11	118.5245462	-366.5239977
Columela	51	1	96.95614276	-358.0023583
Columela	51	2	91.1300765	-355.6895425
Columela	51	3	86.50170772	-352.172291
Columela	51	4	79.52683181	-342.4704396
Columela	51	5	79.22929387	-335.7558655
Columela	51	6	83.60364291	-329.1476302
Columela	51	7	85.73427889	-326.9783894
Columela	51	8	88.13935175	-324.9838455
Columela	51	9	91.16738888	-326.7301559
Columela	51	10	99.29749486	-329.983003
Columela	51	11	98.05537948	-333.8996835
Columela	51	12	96.75143152	-342.420039
Columela	51	13	98.56098063	-351.9121583
Columela	51	14	99.96501395	-353.9923266
Columela	52	1	87.65889235	-324.7441475
Columela	52	2	83.21265939	-328.7683891
Columela	52	3	78.70381251	-335.0640196
Columela	52	4	75.07364274	-334.4269685
Columela	52	5	70.39370076	-330.1139268
Columela	52	6	68.41157087	-325.5543253
Columela	52	7	72.15453409	-320.7121736
Columela	52	8	77.3429698	-316.4470642
Columela	52	9	80.59207391	-314.1168946
Columela	52	10	81.29334513	-316.3729143
Columela	52	11	85.7224253	-323.2568164
Columela	53	1	80.35760596	-313.3835449
Columela	53	2	80.35607919	-307.8895088
Columela	53	3	81.07948601	-302.1593072
Columela	53	4	78.14366113	-298.0898448
Columela	53	5	71.85768038	-289.0802511
Columela	53	6	67.62338601	-282.1998585
Columela	53	7	63.45963543	-268.6535364
Columela	53	8	59.6910095	-276.0506446
Columela	53	9	49.19542265	-288.5397182
Columela	53	10	48.34962383	-300.2671881
Columela	53	11	54.32365816	-315.5383645
Columela	53	12	64.14826241	-325.7050498
Columela	53	13	67.89292251	-324.9549015
Columela	53	14	71.34952748	-320.0968994
Columela	53	15	77.11809928	-315.719287
Columela	54	1	48.92646179	-287.6423572
Columela	54	2	43.45024484	-285.0260509
Columela	54	3	39.01621796	-278.5822093
Columela	54	4	36.92462661	-268.621596
Columela	54	5	40.63758526	-258.1641954
Columela	54	6	47.39180072	-251.4777239
Columela	54	7	49.64405044	-251.3119982
Columela	54	8	52.70497191	-256.665024
Columela	54	9	58.36626555	-261.7486269
Columela	54	10	62.80764493	-267.7581865
Columela	54	11	58.94526381	-275.6875792
Columela	55	1	39.66196334	-257.9433939
Columela	55	2	32.50281069	-256.7191272
Columela	55	3	28.53241149	-250.7074853
Columela	55	4	29.10018028	-238.6807184
Columela	55	5	33.33005024	-229.0045807
Columela	55	6	40.71225491	-225.5040461
Columela	55	7	49.21185242	-226.1544653
Columela	55	8	46.71852961	-235.1118277
Columela	55	9	47.79442781	-247.8933936
Columela	55	10	49.12201562	-250.7195201
Columela	55	11	46.87182215	-251.1229444
Columela	56	1	40.41873865	-224.6795802
Columela	56	2	35.33763071	-218.0977829
Columela	56	3	33.54717191	-213.3601967
Columela	56	4	35.40328317	-205.2884585
Columela	56	5	41.69931301	-198.6230048
Columela	56	6	47.58901892	-197.3917297
Columela	56	7	56.6559672	-198.5802505
Columela	56	8	57.91408495	-210.1736693
Columela	56	9	62.98941156	-217.8022478
Columela	56	10	55.80847891	-220.6055927
Columela	56	11	49.34814938	-225.3587153
Columela	57	1	56.5841483	-197.8846749
Columela	57	2	47.86731152	-196.6965629
Columela	57	3	39.03710551	-187.4997442
Columela	57	4	37.65481329	-177.6312031
Columela	57	5	41.24593769	-167.8469239
Columela	57	6	46.67677918	-164.3107851
Columela	57	7	57.09018617	-164.0594407
Columela	57	8	60.28606329	-164.8773073
Columela	57	9	59.34290073	-172.1976768
Columela	57	10	65.50353309	-182.58568
Columela	57	11	61.84503821	-185.4700694
Columela	58	1	60.31118622	-164.0994493
Columela	58	2	57.3646573	-163.3791073
Columela	58	3	47.21365652	-163.5055464
Columela	58	4	42.29145827	-155.852513
Columela	58	5	42.92562791	-145.952635
Columela	58	6	48.11051727	-125.5792655
Columela	58	7	52.5422822	-119.8475479
Columela	58	8	60.20921965	-115.8540697
Columela	58	9	66.41070905	-117.9015546
Columela	58	10	71.97402907	-118.9976889
Columela	58	11	77.22612703	-120.6753647
Columela	58	12	79.20175777	-122.0840325
Columela	58	13	76.28503771	-130.351791
Columela	58	14	76.96748743	-140.8310454
Columela	58	15	79.94407374	-147.7274126
Columela	58	16	73.08411609	-148.9941947
Columela	58	17	68.58248921	-151.7987471
Columela	58	18	60.92759177	-161.0216239
Columela	59	1	60.5486759	-115.0328149
Columela	59	2	60.39219809	-111.5881313
Columela	59	3	66.69966711	-103.9523893
Columela	59	4	70.95917719	-100.9491237
Columela	59	5	77.26598291	-98.53641833
Columela	59	6	85.20111502	-100.8762108
Columela	59	7	88.89940686	-104.2242061
Columela	59	8	92.50790378	-108.5884032
Columela	59	9	92.72088164	-110.1842014
Columela	59	10	87.12389563	-111.5160661
Columela	59	11	81.33098364	-116.6400348
Columela	59	12	79.26169488	-121.5538026
Columela	59	13	77.72114472	-120.2870258
Columela	59	14	72.15793506	-118.1879698
Columela	59	15	66.53777722	-117.1001986
Columela	60	1	79.64691673	-98.34847832
Columela	60	2	80.91672697	-91.98555103
Columela	60	3	86.88076923	-86.53930734
Columela	60	4	94.34238089	-85.77164489
Columela	60	5	101.7811779	-89.44167082
Columela	60	6	105.5334592	-93.1441923
Columela	60	7	108.5706453	-97.05194868
Columela	60	8	107.7301826	-109.9673874
Columela	60	9	97.12918694	-108.9657701
Columela	60	10	93.61744356	-109.8769034
Columela	60	11	93.22220502	-108.3649417
Columela	60	12	89.83147276	-103.6298564
Columela	60	13	85.70641261	-100.1117236
Columela	61	1	95.15505223	-83.53573919
Columela	61	2	97.18602351	-75.5422841
Columela	61	3	106.2751106	-69.10443532
Columela	61	4	113.5186954	-70.63435987
Columela	61	5	120.6664446	-77.20562503
Columela	61	6	122.4526813	-80.54976514
Columela	61	7	113.4463434	-86.49658821
Columela	61	8	108.8723932	-96.38831645
Columela	61	9	105.917853	-92.5761353
Columela	61	10	102.1225208	-88.84023838
Columela	61	11	94.7406415	-85.15593278
Columela	62	1	113.9454642	-70.19311219
Columela	62	2	115.7385014	-66.0736544
Columela	62	3	120.4124266	-61.63434214
Columela	62	4	129.2911143	-62.74923763
Columela	62	5	134.3681907	-66.50096495
Columela	62	6	138.7865454	-70.97328284
Columela	62	7	132.6399194	-79.95858551
Columela	62	8	123.2294866	-80.50285315
Columela	62	9	121.2513151	-76.62594132
Columela	63	1	130.2514371	-62.53572229
Columela	63	2	131.6837432	-59.65751091
Columela	63	3	135.1800409	-55.74301158
Columela	63	4	140.9674135	-52.41207955
Columela	63	5	148.8575434	-53.4994686
Columela	63	6	150.8740941	-53.70070812
Columela	63	7	154.5546992	-60.98240045
Columela	63	8	151.0982538	-61.5464691
Columela	63	9	139.2538582	-70.38804797
Columela	63	10	134.9241467	-66.16273281
Cortex	64	1	139.9576847	-290.3659489
Cortex	64	2	145.4249609	-287.2376657
Cortex	64	3	149.8091751	-280.2051485
Cortex	64	4	165.9758774	-281.8535579
Cortex	64	5	181.850198	-297.0918674
Cortex	64	6	208.1669802	-311.2446556
Cortex	64	7	205.8823079	-329.1013921
Cortex	64	8	178.180078	-339.2448428
Cortex	64	9	166.6831903	-331.6594182
Cortex	64	10	156.3638548	-332.0694569
Cortex	64	11	157.2472939	-327.3614534
Cortex	64	12	145.6515807	-312.5751283
Cortex	64	13	142.6362646	-307.2767067
Cortex	64	14	142.9752741	-297.4108075
Cortex	65	1	151.3283459	-274.1721119
Cortex	65	2	149.1871377	-279.4498126
Cortex	65	3	144.6006769	-286.4294647
Cortex	65	4	139.9229911	-289.637299
Cortex	65	5	135.1344981	-280.5533744
Cortex	65	6	121.4953862	-278.5611147
Cortex	65	7	112.5922866	-273.9368139
Cortex	65	8	107.6027838	-269.7595423
Cortex	65	9	105.2341158	-261.5938981
Cortex	65	10	97.71277526	-252.2341879
Cortex	65	11	97.56906954	-236.7464042
Cortex	65	12	98.33809993	-227.9720683
Cortex	65	13	101.1269351	-226.3557568
Cortex	65	14	111.4105647	-211.5629783
Cortex	65	15	115.4487587	-203.3409188
Cortex	65	16	129.3207124	-201.2605268
Cortex	65	17	136.8889398	-205.5096376
Cortex	65	18	143.8465961	-221.3471848
Cortex	65	19	144.6640847	-237.0350615
Cortex	65	20	146.2527034	-254.6221889
Cortex	65	21	147.9945897	-265.1524446
Cortex	66	1	136.8474412	-204.8576088
Cortex	66	2	129.4053842	-200.6167314
Cortex	66	3	115.6506558	-202.1621201
Cortex	66	4	112.7255469	-201.2945951
Cortex	66	5	110.8904365	-190.7091896
Cortex	66	6	105.7379101	-180.625548
Cortex	66	7	110.5018119	-171.6696888
Cortex	66	8	111.1269893	-169.2858311
Cortex	66	9	111.1953866	-160.3480303
Cortex	66	10	117.3369714	-155.7741335
Cortex	66	11	127.0491047	-142.4828597
Cortex	66	12	129.5108712	-142.1721665
Cortex	66	13	142.0211273	-138.6262938
Cortex	66	14	155.6867358	-137.8614277
Cortex	66	15	162.8772747	-148.025827
Cortex	66	16	163.7238407	-153.4481741
Cortex	66	17	157.0026842	-160.285263
Cortex	66	18	145.8121675	-178.9475802
Cortex	66	19	137.8910176	-194.4326842
Cortex	67	1	163.4978079	-146.9411734
Cortex	67	2	156.9754002	-137.0395673
Cortex	67	3	166.5930897	-117.0684205
Cortex	67	4	165.8551083	-112.6060522
Cortex	67	5	180.5323669	-103.1390059
Cortex	67	6	185.2463851	-98.2643398
Cortex	67	7	197.7729646	-96.03817756
Cortex	67	8	210.6624258	-96.4734621
Cortex	67	9	237.4876825	-113.5340881
Cortex	67	10	241.4720933	-129.736182
Cortex	67	11	231.8348988	-137.4940335
Cortex	67	12	218.8962026	-136.3457475
Cortex	67	13	193.9046778	-142.7280995
Cortex	67	14	180.4750812	-151.0702089
Cortex	67	15	165.0226433	-152.4238089
Cortex	68	1	242.5676454	-129.5298213
Cortex	68	2	239.2269257	-113.1420501
Cortex	68	3	267.9690219	-96.45992895
Cortex	68	4	287.5806485	-101.8315225
Cortex	68	5	305.9399815	-118.9149993
Cortex	68	6	309.2395618	-139.0740687
Cortex	68	7	311.3886994	-145.169995
Cortex	68	8	296.8029579	-159.9580667
Cortex	68	9	286.8872362	-148.6805448
Cortex	68	10	265.5380742	-137.3725182
Cortex	69	1	297.8774552	-161.5204355
Cortex	69	2	312.6122916	-146.8564085
Cortex	69	3	326.7955961	-161.3770085
Cortex	69	4	334.935322	-164.694257
Cortex	69	5	341.382443	-179.2686996
Cortex	69	6	350.4518537	-185.9699024
Cortex	69	7	350.2352963	-207.3062601
Cortex	69	8	334.2520728	-231.9107294
Cortex	69	9	315.9617594	-231.9072622
Cortex	69	10	315.4851812	-223.1694638
Cortex	69	11	314.4150617	-212.4944438
Cortex	69	12	308.5774839	-205.2524861
Cortex	69	13	309.4685602	-195.0198164
Cortex	69	14	303.5497754	-179.0004262
Cortex	69	15	297.6099247	-173.9251796
Cortex	70	1	315.5767336	-233.1990205
Cortex	70	2	334.0525628	-233.0754248
Cortex	70	3	350.044988	-265.6802798
Cortex	70	4	343.8851264	-286.7397173
Cortex	70	5	327.8471456	-297.864435
Cortex	70	6	307.0988883	-301.1122283
Cortex	70	7	299.2650156	-304.12941
Cortex	70	8	288.0738793	-286.6449492
Cortex	70	9	291.404119	-272.3591184
Cortex	70	10	297.285985	-266.2909198
Cortex	70	11	303.8578818	-259.466272
Cortex	70	12	311.8836466	-244.8440411
Cortex	71	1	286.9384241	-286.8494938
Cortex	71	2	271.3939903	-288.9713046
Cortex	71	3	244.0088573	-301.1030722
Cortex	71	4	223.698666	-302.1026807
Cortex	71	5	209.831047	-310.5575488
Cortex	71	6	208.1482907	-330.5043148
Cortex	71	7	231.6972309	-345.8645233
Cortex	71	8	249.1070802	-348.5191788
Cortex	71	9	268.8650832	-344.3295173
Cortex	71	10	286.3308846	-331.2672981
Cortex	71	11	295.0727065	-318.8566522
Cortex	71	12	298.208159	-305.0126032
Endodermis	72	1	295.963964	-161.7955509
Endodermis	72	2	296.6457106	-173.4461025
Endodermis	72	3	286.5193065	-178.4438726
Endodermis	72	4	274.2767219	-175.2207462
Endodermis	72	5	263.6403206	-171.9634225
Endodermis	72	6	248.9794868	-162.6340986
Endodermis	72	7	236.2638468	-153.4947548
Endodermis	72	8	232.4034305	-146.069457
Endodermis	72	9	231.4737869	-138.6331812
Endodermis	72	10	242.0116038	-130.6185134
Endodermis	72	11	264.6978652	-138.3114643
Endodermis	72	12	285.9324628	-149.67337
Endodermis	73	1	296.9345589	-174.6278322
Endodermis	73	2	287.1566547	-180.0642527
Endodermis	73	3	288.4186504	-189.4362958
Endodermis	73	4	290.4159789	-200.2950613
Endodermis	73	5	290.8570966	-208.1879663
Endodermis	73	6	295.0440252	-220.4045216
Endodermis	73	7	298.6418912	-226.6567031
Endodermis	73	8	305.3105915	-224.4725348
Endodermis	73	9	313.6629174	-223.8412317
Endodermis	73	10	313.4703678	-213.0476365
Endodermis	73	11	307.3998196	-206.1603319
Endodermis	73	12	308.4182989	-195.4777665
Endodermis	73	13	302.6531474	-179.7182954
Endodermis	74	1	305.8930694	-225.238951
Endodermis	74	2	313.6440773	-225.1280552
Endodermis	74	3	314.9402337	-232.2001411
Endodermis	74	4	310.753923	-244.7176108
Endodermis	74	5	302.0729879	-258.2782933
Endodermis	74	6	290.3225633	-271.8594967
Endodermis	74	7	286.8872146	-285.7264329
Endodermis	74	8	273.084953	-287.4850821
Endodermis	74	9	272.0736974	-274.4237124
Endodermis	74	10	278.8442553	-258.7119025
Endodermis	74	11	285.4151806	-245.6794638
Endodermis	74	12	293.6054792	-236.6944703
Endodermis	74	13	298.8737765	-227.8828054
Endodermis	75	1	270.7734353	-275.074263
Endodermis	75	2	271.2331206	-287.0328713
Endodermis	75	3	243.4518003	-300.0048131
Endodermis	75	4	223.606911	-301.0766915
Endodermis	75	5	222.6299036	-290.5276229
Endodermis	75	6	229.8870924	-284.4274802
Endodermis	75	7	253.2288496	-276.8538118
Endodermis	76	1	221.6056411	-291.247247
Endodermis	76	2	211.2132471	-293.4652323
Endodermis	76	3	202.0919804	-289.2140838
Endodermis	76	4	193.1685531	-282.2794924
Endodermis	76	5	187.0474744	-273.1861244
Endodermis	76	6	182.705258	-272.1987179
Endodermis	76	7	169.6658528	-277.2597376
Endodermis	76	8	167.0891289	-280.9401192
Endodermis	76	9	181.9807018	-296.0161596
Endodermis	76	10	208.2443633	-309.6925445
Endodermis	76	11	222.3696714	-301.1534203
Endodermis	77	1	165.7539585	-279.9045582
Endodermis	77	2	150.7016217	-278.9550461
Endodermis	77	3	152.2392529	-274.1999829
Endodermis	77	4	149.4311071	-264.9734409
Endodermis	77	5	147.8111656	-254.8819335
Endodermis	77	6	145.4788941	-222.5856672
Endodermis	77	7	155.7088246	-216.4111911
Endodermis	77	8	163.0834759	-222.3589459
Endodermis	77	9	169.6403049	-241.8543276
Endodermis	77	10	173.6935229	-256.5370326
Endodermis	77	11	177.9008767	-265.5630461
Endodermis	77	12	181.7475782	-271.5339973
Endodermis	77	13	168.8965638	-275.9807888
Endodermis	78	1	145.1272212	-221.4782727
Endodermis	78	2	155.5030584	-215.3793687
Endodermis	78	3	155.8786732	-209.6523426
Endodermis	78	4	158.7025269	-199.7344256
Endodermis	78	5	163.1665221	-190.7585419
Endodermis	78	6	167.3162578	-185.7834955
Endodermis	78	7	171.8084095	-175.2641732
Endodermis	78	8	174.8090951	-168.8181166
Endodermis	78	9	179.8992361	-163.3416103
Endodermis	78	10	180.1106405	-157.9298029
Endodermis	78	11	180.3156664	-152.9654104
Endodermis	78	12	165.4033534	-153.6925775
Endodermis	78	13	158.4123826	-160.6635049
Endodermis	78	14	139.3074997	-194.9385939
Endodermis	78	15	138.2659641	-205.216381
Endodermis	79	1	194.4772253	-163.1949572
Endodermis	79	2	181.2131489	-162.9293656
Endodermis	79	3	181.6298014	-152.5857271
Endodermis	79	4	194.6559514	-144.0056644
Endodermis	79	5	218.5695482	-137.8639016
Endodermis	79	6	230.1493393	-139.5343268
Endodermis	79	7	231.8575573	-149.914468
Endodermis	79	8	225.5421185	-156.6100842
Endodermis	79	9	215.3105132	-155.5287801
Endodermis	79	10	202.0099341	-157.388059
Pericycle	80	1	170.3522535	-238.9917411
Pericycle	80	2	177.4790224	-235.5188679
Pericycle	80	3	177.8907925	-230.1978313
Pericycle	80	4	178.4392551	-221.8272822
Pericycle	80	5	177.2326079	-217.4732486
Pericycle	80	6	174.9222652	-214.5503101
Pericycle	80	7	173.0642037	-212.7816966
Pericycle	80	8	166.6006531	-211.1531608
Pericycle	80	9	157.0774716	-214.8844802
Pericycle	80	10	164.2111861	-221.6095511
Pericycle	81	1	158.0077072	-212.9691972
Pericycle	81	2	164.046875	-210.4016742
Pericycle	81	3	166.1184392	-210.2945216
Pericycle	81	4	170.8840579	-210.6414769
Pericycle	81	5	172.2076011	-200.66225
Pericycle	81	6	179.1917182	-189.9748061
Pericycle	81	7	177.642634	-187.5624052
Pericycle	81	8	171.3942561	-180.3486754
Pericycle	81	9	168.8028808	-186.6392304
Pericycle	81	10	164.9795649	-191.7188164
Pericycle	81	11	160.3772337	-200.2653006
Pericycle	81	12	157.4219503	-209.676125
Pericycle	82	1	179.8982563	-188.6524421
Pericycle	82	2	178.737097	-187.0312811
Pericycle	82	3	172.3385037	-179.800861
Pericycle	82	4	175.9303414	-169.7105677
Pericycle	82	5	180.8804064	-164.3950503
Pericycle	82	6	194.5126069	-164.7870602
Pericycle	82	7	195.657831	-168.6073058
Pericycle	82	8	189.4717103	-172.5210396
Pericycle	82	9	183.3982001	-181.1272164
Pericycle	83	1	199.9799895	-176.1669428
Pericycle	83	2	195.6263694	-164.5088117
Pericycle	83	3	202.5894149	-158.5790935
Pericycle	83	4	217.2408426	-156.7184184
Pericycle	83	5	225.3086333	-158.4151272
Pericycle	83	6	226.6630365	-170.0847004
Pericycle	83	7	215.193959	-176.9308314
Pericycle	84	1	228.9628879	-170.3067307
Pericycle	84	2	226.7103705	-158.0223988
Pericycle	84	3	232.3870432	-152.0950478
Pericycle	84	4	234.7116692	-154.3790385
Pericycle	84	5	250.2568507	-165.4787846
Pericycle	84	6	250.397666	-172.8005612
Pericycle	84	7	247.5646652	-176.0598234
Pericycle	84	8	235.5875412	-177.9302035
Pericycle	85	1	247.7522328	-177.518083
Pericycle	85	2	254.3262833	-188.1262899
Pericycle	85	3	262.1305056	-186.6743466
Pericycle	85	4	266.7536379	-181.5396485
Pericycle	85	5	271.7405395	-175.8511073
Pericycle	85	6	263.211367	-173.5431975
Pericycle	85	7	251.1049431	-165.8899012
Pericycle	85	8	251.4361173	-173.4864344
Pericycle	86	1	263.7898846	-186.6035153
Pericycle	86	2	273.3162996	-176.7883583
Pericycle	86	3	286.0208583	-179.5696995
Pericycle	86	4	286.7183718	-189.3296065
Pericycle	86	5	287.7543011	-195.5387347
Pericycle	86	6	288.8791771	-200.1598365
Pericycle	86	7	289.5407286	-208.2782099
Pericycle	86	8	288.5240873	-210.6514766
Pericycle	86	9	279.7811701	-211.0454909
Pericycle	86	10	269.1811211	-202.6611487
Pericycle	86	11	263.5772489	-195.3822203
Pericycle	87	1	279.9435773	-212.1473622
Pericycle	87	2	288.7980084	-211.4523129
Pericycle	87	3	290.7639755	-212.3499095
Pericycle	87	4	294.7020257	-221.7143398
Pericycle	87	5	297.6238714	-227.4024162
Pericycle	87	6	292.8835135	-235.4160773
Pericycle	87	7	285.5468317	-242.4246049
Pericycle	87	8	276.7495214	-241.0103046
Pericycle	87	9	271.6536336	-226.5182132
Pericycle	87	10	276.9753877	-220.420103
Pericycle	88	1	277.5033902	-242.2018381
Pericycle	88	2	285.1236052	-243.7112524
Pericycle	88	3	280.9067803	-249.5215456
Pericycle	88	4	276.2283321	-260.6063806
Pericycle	88	5	270.9957684	-273.6509644
Pericycle	88	6	267.4272567	-262.222152
Pericycle	88	7	260.3772752	-254.5526983
Pericycle	88	8	264.7233589	-247.6092616
Pericycle	88	9	270.3737605	-243.5518817
Pericycle	89	1	257.6267097	-255.5496105
Pericycle	89	2	252.1007227	-259.3933205
Pericycle	89	3	248.9761305	-264.5072777
Pericycle	89	4	248.2791046	-269.0403661
Pericycle	89	5	250.3514024	-274.7601742
Pericycle	89	6	252.2139896	-275.2301547
Pericycle	89	7	269.6513572	-274.0392725
Pericycle	89	8	266.3337944	-263.0964028
Pericycle	89	9	259.686347	-255.0522692
Pericycle	90	1	234.3573709	-265.1329379
Pericycle	90	2	242.939025	-265.6561813
Pericycle	90	3	247.1399362	-269.6454009
Pericycle	90	4	249.35586	-276.1073547
Pericycle	90	5	232.1796146	-281.7666953
Pericycle	90	6	231.4391202	-278.3399567
Pericycle	90	7	227.3569919	-271.7399752
Pericycle	90	8	226.5787563	-270.4562446
Pericycle	91	1	227.3490733	-274.0145435
Pericycle	91	2	230.2036019	-279.3029821
Pericycle	91	3	230.4338968	-282.5290526
Pericycle	91	4	227.2571571	-284.6679043
Pericycle	91	5	221.2124803	-289.5252664
Pericycle	91	6	214.4617401	-284.1171687
Pericycle	91	7	212.8082706	-279.8260571
Pericycle	91	8	213.5898912	-273.1214431
Pericycle	91	9	219.0131677	-266.9579512
Pericycle	91	10	223.094138	-268.5419363
Pericycle	92	1	209.5401422	-277.7908233
Pericycle	92	2	211.8693066	-280.2624057
Pericycle	92	3	213.7071222	-284.34571
Pericycle	92	4	220.2503824	-290.0396656
Pericycle	92	5	211.1068893	-292.0082727
Pericycle	92	6	202.7475354	-288.2267835
Pericycle	92	7	194.5380184	-282.5092699
Pericycle	92	8	196.2956001	-278.3330348
Pericycle	92	9	199.975974	-276.372382
Pericycle	92	10	205.3128141	-276.6341954
Pericycle	93	1	177.8047392	-237.1015719
Pericycle	93	2	181.0822568	-241.9792402
Pericycle	93	3	190.0480863	-247.5677376
Pericycle	93	4	192.5890361	-251.0710376
Pericycle	93	5	192.1791118	-258.1460637
Pericycle	93	6	188.1367787	-266.2832542
Pericycle	93	7	185.3363341	-271.2632
Pericycle	93	8	182.722133	-270.828268
Pericycle	93	9	179.1871669	-265.8828511
Pericycle	93	10	174.9272097	-257.108907
Pericycle	93	11	170.9082056	-239.9130851
Pericycle	94	1	192.0335704	-261.7941014
Pericycle	94	2	196.2896184	-264.5533732
Pericycle	94	3	199.9766137	-269.4176986
Pericycle	94	4	200.2544006	-274.9262179
Pericycle	94	5	199.5038716	-275.6370355
Pericycle	94	6	195.72957	-277.711235
Pericycle	94	7	193.7636534	-281.3363753
Pericycle	94	8	189.5256601	-275.6358686
Pericycle	94	9	187.7627292	-272.826227
Pericycle	94	10	186.2969539	-271.9145645
Phloem	95	1	227.5140073	-171.7440318
Phloem	95	2	234.502648	-178.4952058
Phloem	95	3	235.3748732	-185.153891
Phloem	95	4	229.769382	-188.3506511
Phloem	95	5	220.7778696	-188.6434286
Phloem	95	6	214.2092128	-184.6524462
Phloem	95	7	215.6590622	-178.1937745
Phloem	96	1	222.1148155	-189.5985765
Phloem	96	2	230.4060948	-189.260286
Phloem	96	3	235.667396	-186.5279329
Phloem	96	4	236.5215099	-192.3591114
Phloem	96	5	230.2848476	-203.2133099
Phloem	96	6	224.5241703	-205.3398327
Phloem	96	7	219.2687365	-199.7711536
Phloem	97	1	213.2798587	-185.3368547
Phloem	97	2	220.1226008	-189.7928061
Phloem	97	3	217.6934125	-200.0913429
Phloem	97	4	209.661574	-201.0767065
Phloem	97	5	204.271832	-189.5531205
Procambium	98	1	253.7642032	-188.157253
Procambium	98	2	237.4110223	-192.4410587
Procambium	98	3	236.5473117	-185.8741736
Procambium	98	4	235.7282919	-178.7105408
Procambium	98	5	246.8970471	-177.2030755
Phloem	99	1	199.7970028	-177.0351768
Phloem	99	2	199.1815927	-184.5903392
Phloem	99	3	203.6780047	-188.6285024
Phloem	99	4	213.3222837	-184.6945361
Phloem	99	5	214.6674721	-178.074433
Procambium	100	1	195.5968746	-170.3453266
Procambium	100	2	198.4337096	-175.9904465
Procambium	100	3	198.3254045	-185.2881762
Procambium	100	4	191.0932531	-193.7839598
Procambium	100	5	183.5485834	-195.187479
Procambium	100	6	179.6159301	-191.5438807
Procambium	100	7	184.84656	-181.9522787
Procambium	100	8	190.0068	-173.8126386
Procambium	101	1	178.9269272	-192.7093975
Procambium	101	2	182.7905312	-195.7697894
Procambium	101	3	184.2103531	-200.6529843
Procambium	101	4	182.6401829	-204.7441351
Procambium	101	5	178.7209067	-209.2390766
Procambium	101	6	176.1325207	-211.9090305
Procambium	101	7	174.5285256	-212.4265946
Procambium	101	8	172.3761359	-211.4422037
Procambium	101	9	173.0601511	-201.0701278
Xylem	102	1	263.187068	-196.874969
Xylem	102	2	262.7903379	-214.2025738
Xylem	102	3	265.421442	-220.0668536
Xylem	102	4	271.0072632	-225.8168044
Xylem	102	5	276.4071775	-220.2945708
Xylem	102	6	279.1310971	-211.7116281
Xylem	102	7	269.401763	-203.6683352
Xylem	103	1	251.9203793	-189.4984613
Xylem	103	2	262.9539197	-187.17899
Xylem	103	3	262.3727526	-196.6017874
Xylem	103	4	261.8275504	-214.2702619
Xylem	103	5	264.2117493	-220.8001575
Xylem	103	6	260.8128039	-225.024119
Xylem	103	7	250.5067707	-225.4853395
Xylem	103	8	241.7561037	-216.3615421
Xylem	103	9	242.7708502	-205.6076851
Xylem	103	10	250.6330124	-197.7047657
Procambium	104	1	251.2734478	-189.4930864
Procambium	104	2	237.2931197	-192.9353544
Procambium	104	3	230.7916413	-203.4763013
Procambium	104	4	236.2650016	-206.0947634
Procambium	104	5	242.3071836	-205.492484
Procambium	104	6	249.9817739	-197.3671977
Procambium	105	1	258.3939268	-226.3429342
Procambium	105	2	261.721309	-225.8383622
Procambium	105	3	265.1586123	-221.5659002
Procambium	105	4	270.3362782	-226.6535007
Procambium	105	5	275.8164274	-241.445702
Procambium	105	6	269.8635543	-242.3676557
Procambium	105	7	264.0537024	-246.6752256
Procambium	105	8	258.8654715	-253.8134435
Procambium	105	9	251.2690442	-242.4238041
Procambium	105	10	258.8247439	-238.2550749
Phloem	106	1	223.5184487	-207.4042736
Phloem	106	2	222.2292178	-210.1264364
Phloem	106	3	214.3920759	-212.8928067
Phloem	106	4	207.5487371	-210.8251532
Phloem	106	5	203.9951077	-206.0840931
Phloem	106	6	210.1458021	-202.3154804
Phloem	106	7	218.6751243	-201.8067899
Xylem	107	1	223.0237946	-210.8717891
Xylem	107	2	229.6245199	-221.6959379
Xylem	107	3	229.5959163	-228.9997727
Xylem	107	4	219.2961996	-236.3119751
Xylem	107	5	212.3800499	-235.0002455
Xylem	107	6	203.8943096	-221.2250408
Xylem	107	7	208.4765881	-212.3886965
Xylem	107	8	214.6365885	-213.8501401
Phloem	108	1	226.5521374	-232.4782341
Phloem	108	2	230.5340173	-239.1603282
Phloem	108	3	228.376851	-247.3793294
Phloem	108	4	221.3094517	-249.6141366
Phloem	108	5	215.8187733	-246.8463311
Phloem	108	6	214.3222975	-241.4369896
Phloem	108	7	215.4918152	-236.7027015
Phloem	108	8	219.3183686	-237.2065979
Phloem	109	1	227.2915606	-248.8125273
Phloem	109	2	232.7152651	-258.2784008
Phloem	109	3	232.9776656	-264.7498551
Phloem	109	4	226.067678	-269.0542365
Phloem	109	5	224.9419564	-269.7577297
Phloem	109	6	223.6239849	-267.8593128
Phloem	109	7	218.9507465	-266.0559781
Phloem	109	8	212.562383	-272.7356561
Phloem	109	9	208.1699542	-264.1371256
Phloem	109	10	214.8977534	-257.1688871
Phloem	109	11	217.8086439	-248.9149095
Phloem	109	12	221.3518214	-250.3243081
Xylem	110	1	241.0513503	-216.1451368
Xylem	110	2	230.2389202	-221.1845173
Xylem	110	3	223.6962846	-209.9942721
Xylem	110	4	224.8105408	-206.4299582
Xylem	110	5	230.1974452	-204.2118159
Xylem	110	6	236.078515	-206.6605102
Xylem	110	7	242.0153587	-206.1497676
Procambium	111	1	227.2783462	-231.8778653
Procambium	111	2	231.1786345	-238.6209614
Procambium	111	3	239.1771118	-227.9090029
Procambium	111	4	242.4583977	-223.3911633
Procambium	111	5	243.8132271	-221.2854201
Procambium	111	6	244.4220741	-220.0849736
Procambium	111	7	241.1513662	-217.4362166
Procambium	111	8	230.7648995	-221.8508263
Procambium	111	9	230.6965084	-229.1686866
Phloem	112	1	236.632685	-236.1042447
Phloem	112	2	242.4365603	-239.0763558
Phloem	112	3	241.614394	-252.384005
Phloem	112	4	238.0477938	-255.1142706
Phloem	112	5	234.5263529	-256.1827126
Phloem	112	6	231.6659993	-254.8042372
Phloem	112	7	228.5110012	-248.7853199
Phloem	112	8	232.0598117	-239.1736176
Phloem	112	9	235.260187	-234.9828164
Procambium	113	1	235.7604861	-233.9366388
Procambium	113	2	245.0829167	-221.372133
Procambium	113	3	250.0727913	-226.1954855
Procambium	113	4	257.4111604	-226.2943398
Procambium	113	5	257.8114679	-237.4676447
Procambium	113	6	250.8957601	-241.456921
Procambium	113	7	243.2428213	-238.1315215
Procambium	113	8	237.5565438	-235.3082282
Phloem	114	1	242.1399892	-253.3345505
Phloem	114	2	249.5130116	-261.2406669
Phloem	114	3	248.2667884	-264.3094675
Phloem	114	4	247.4462351	-268.081103
Phloem	114	5	243.8714154	-265.3421379
Phloem	114	6	234.0400244	-264.0943391
Phloem	114	7	232.7389513	-256.3639424
Phloem	114	8	235.1414982	-257.2812579
Phloem	114	9	238.4899674	-256.1236824
Procambium	115	1	243.5542815	-239.1510906
Procambium	115	2	250.2698125	-242.2647709
Procambium	115	3	258.219977	-254.1734164
Procambium	115	4	256.7205123	-255.1240219
Procambium	115	5	251.6008843	-258.5537682
Procambium	115	6	249.8133125	-260.2467574
Procambium	115	7	242.4987554	-252.3583057
Procambium	116	1	191.3910076	-194.6944086
Procambium	116	2	196.1216682	-206.1278265
Procambium	116	3	203.3309635	-205.6787134
Procambium	116	4	208.6296218	-201.5197243
Procambium	116	5	202.9170236	-189.9917256
Procambium	116	6	199.3289713	-186.4823935
Procambium	117	1	195.2583241	-206.9785404
Procambium	117	2	203.0964942	-207.1236419
Procambium	117	3	206.3767916	-211.6515543
Procambium	117	4	201.6238097	-221.0279859
Procambium	117	5	196.7874076	-220.9814303
Procambium	117	6	192.8549576	-218.2775044
Procambium	117	7	191.3959293	-211.0662266
Procambium	118	1	183.1766723	-205.3086232
Procambium	118	2	190.7836253	-210.7312912
Procambium	118	3	195.1538138	-206.1856807
Procambium	118	4	190.7304777	-194.8383167
Procambium	118	5	183.7334685	-195.6576404
Procambium	118	6	185.2085162	-200.6941141
Procambium	119	1	192.1087957	-218.8957189
Procambium	119	2	185.2460971	-223.2526856
Procambium	119	3	179.389593	-221.8850997
Procambium	119	4	178.4399397	-217.5791269
Procambium	119	5	175.0357802	-213.4157367
Procambium	119	6	177.2263835	-212.5503713
Procambium	119	7	182.8914726	-206.304321
Procambium	119	8	190.5163245	-211.6625747
Procambium	120	1	198.7254707	-265.6505012
Procambium	120	2	202.5009075	-260.5325804
Procambium	120	3	207.1310662	-264.5035833
Procambium	120	4	212.0105578	-273.6082688
Procambium	120	5	211.7958658	-278.8589547
Procambium	120	6	209.7803343	-276.4495506
Procambium	120	7	205.9691978	-275.7267235
Procambium	120	8	200.8371971	-275.1192175
Procambium	120	9	201.0518892	-269.8685316
Procambium	121	1	194.1629709	-251.240304
Procambium	121	2	192.953005	-258.9337882
Procambium	121	3	192.4618788	-260.8430323
Procambium	121	4	196.9676826	-264.0905845
Procambium	121	5	197.8940507	-264.7134173
Procambium	121	6	201.8192615	-259.3835452
Procambium	121	7	199.5109104	-253.9706875
Procambium	122	1	200.3931686	-253.0369677
Procambium	122	2	205.8127545	-247.3012604
Procambium	122	3	210.8508657	-243.6793968
Procambium	122	4	213.6988758	-242.4822641
Procambium	122	5	214.8909623	-247.9007913
Procambium	122	6	216.5956067	-248.5015691
Procambium	122	7	214.1286362	-255.8152605
Procambium	122	8	210.8974693	-259.9830761
Procambium	122	9	208.2834655	-262.1082591
Procambium	122	10	205.4862937	-261.4345881
Procambium	122	11	202.9682968	-258.7018992
Xylem	123	1	187.6565666	-226.5826653
Xylem	123	2	190.0223719	-230.1035047
Xylem	123	3	189.0091683	-236.5526379
Xylem	123	4	193.7558074	-240.792825
Xylem	123	5	194.2457195	-243.642953
Xylem	123	6	192.7535544	-246.5177769
Xylem	123	7	190.5919611	-245.7607437
Xylem	123	8	185.4137135	-242.949057
Xylem	123	9	181.6262805	-240.3497382
Xylem	123	10	179.3844825	-236.7624393
Xylem	123	11	179.5288796	-226.3094273
Xylem	123	12	179.4973111	-222.9742209
Xylem	123	13	184.3076149	-223.9079755
Procambium	124	1	195.1769987	-243.9500232
Procambium	124	2	199.0508497	-239.9736051
Procambium	124	3	203.9250452	-239.5657134
Procambium	124	4	212.2809523	-236.1516827
Procambium	124	5	214.1856194	-236.7271608
Procambium	124	6	213.0875287	-241.3442936
Procambium	124	7	209.5170605	-243.3338334
Procambium	124	8	205.6640677	-245.9308586
Procambium	124	9	199.7446472	-251.7636817
Procambium	124	10	195.564032	-250.2036116
Procambium	124	11	193.0962579	-249.8539086
Procambium	124	12	191.9295493	-247.8187683
Procambium	124	13	193.6273577	-247.4409419
Xylem	125	1	186.722191	-223.7773555
Xylem	125	2	192.717997	-220.6400236
Xylem	125	3	197.2064987	-222.0528308
Xylem	125	4	203.0284666	-222.3092138
Xylem	125	5	210.777865	-235.2318915
Xylem	125	6	205.4812315	-237.3634892
Xylem	125	7	200.3985216	-238.4161569
Xylem	125	8	196.8981097	-231.701851
Xylem	125	9	194.6214419	-226.4609781
Xylem	126	1	187.4334043	-225.1768117
Xylem	126	2	193.9735136	-227.0822955
Xylem	126	3	199.0933464	-238.442619
Xylem	126	4	195.5572699	-242.2648797
Xylem	126	5	194.849023	-240.1837875
Xylem	126	6	190.1613666	-236.0559714
Xylem	126	7	191.004521	-230.1065554