"ROI.name"	"Organ"	"Number"	"ROI.id"	"point"	"x"	"y"
"Leaf.05"	"Leaf"	5	1	1	334.240710193849	-318.455703716361
"Leaf.05"	"Leaf"	5	1	2	344.283880045222	-317.967673241046
"Leaf.05"	"Leaf"	5	1	3	362.779559558074	-321.485169503673
"Leaf.05"	"Leaf"	5	1	4	367.345246444722	-321.276648424969
"Leaf.05"	"Leaf"	5	1	5	373.582406494705	-322.521071921649
"Leaf.05"	"Leaf"	5	1	6	378.616841003206	-323.997367351943
"Leaf.05"	"Leaf"	5	1	7	383.417735659884	-324.511148765412
"Leaf.05"	"Leaf"	5	1	8	390.378866120247	-325.280152967406
"Leaf.05"	"Leaf"	5	1	9	401.890672203385	-328.002539812588
"Leaf.05"	"Leaf"	5	1	10	412.214764008914	-328.794894869494
"Leaf.05"	"Leaf"	5	1	11	417.494413796694	-329.552223644032
"Leaf.05"	"Leaf"	5	1	12	425.893477568569	-330.811658404583
"Leaf.05"	"Leaf"	5	1	13	445.105395786322	-331.665726435182
"Leaf.05"	"Leaf"	5	1	14	454.480316920687	-330.769929146673
"Leaf.05"	"Leaf"	5	1	15	464.84110292679	-326.277630661174
"Leaf.05"	"Leaf"	5	1	16	474.96834908107	-320.822818158849
"Leaf.05"	"Leaf"	5	1	17	482.698483743427	-314.630691900481
"Leaf.05"	"Leaf"	5	1	18	486.558547319982	-312.255263345261
"Leaf.05"	"Leaf"	5	1	19	492.348642684814	-308.692120512431
"Leaf.05"	"Leaf"	5	1	20	496.445581949607	-306.798782924728
"Leaf.05"	"Leaf"	5	1	21	505.836988241313	-305.010821320646
"Leaf.05"	"Leaf"	5	1	22	510.273742564757	-304.30298819015
"Leaf.05"	"Leaf"	5	1	23	515.07723477375	-303.967021473325
"Leaf.05"	"Leaf"	5	1	24	521.706723618312	-306.598293273684
"Leaf.05"	"Leaf"	5	1	25	527.248820126526	-306.26745508498
"Leaf.05"	"Leaf"	5	1	26	535.745333831623	-305.957131008759
"Leaf.05"	"Leaf"	5	1	27	542.397901052728	-305.264683462625
"Leaf.05"	"Leaf"	5	1	28	552.730668449634	-306.444389305147
"Leaf.05"	"Leaf"	5	1	29	558.626681523096	-308.331928278164
"Leaf.05"	"Leaf"	5	1	30	566.733378966099	-310.973457134765
"Leaf.05"	"Leaf"	5	1	31	571.14961917706	-313.220041201151
"Leaf.05"	"Leaf"	5	1	32	583.313511737655	-316.628381261636
"Leaf.05"	"Leaf"	5	1	33	589.206960547057	-318.885222384264
"Leaf.05"	"Leaf"	5	1	34	594.731107206848	-321.139499242832
"Leaf.05"	"Leaf"	5	1	35	603.204542535401	-324.152894513103
"Leaf.05"	"Leaf"	5	1	36	611.081327303151	-325.584086920645
"Leaf.05"	"Leaf"	5	1	37	622.224252437354	-331.610805010987
"Leaf.05"	"Leaf"	5	1	38	625.53755068334	-334.251523598037
"Leaf.05"	"Leaf"	5	1	39	628.619495737371	-335.938740295124
"Leaf.05"	"Leaf"	5	1	40	632.16249487401	-339.770923169303
"Leaf.05"	"Leaf"	5	1	41	637.609193187971	-343.6163244539
"Leaf.05"	"Leaf"	5	1	42	640.205299639857	-346.728010931373
"Leaf.05"	"Leaf"	5	1	43	642.325481297412	-349.836392806242
"Leaf.05"	"Leaf"	5	1	44	645.858566626237	-355.096350063412
"Leaf.05"	"Leaf"	5	1	45	648.210101475748	-359.158233828243
"Leaf.05"	"Leaf"	5	1	46	651.273871215452	-363.463036894147
"Leaf.05"	"Leaf"	5	1	47	653.846845449105	-369.906196931933
"Leaf.05"	"Leaf"	5	1	48	655.957113298846	-374.442353189793
"Leaf.05"	"Leaf"	5	1	49	661.117932477872	-385.187011690878
"Leaf.05"	"Leaf"	5	1	50	662.459787193139	-397.57097015128
"Leaf.05"	"Leaf"	5	1	51	661.919422648015	-406.848199038117
"Leaf.05"	"Leaf"	5	1	52	659.472054322966	-416.588134308865
"Leaf.05"	"Leaf"	5	1	53	654.882749446084	-425.163263609605
"Leaf.05"	"Leaf"	5	1	54	651.112361410432	-428.881653023288
"Leaf.05"	"Leaf"	5	1	55	644.330862808456	-434.825876222985
"Leaf.05"	"Leaf"	5	1	56	636.816086048137	-438.518266325684
"Leaf.05"	"Leaf"	5	1	57	619.571098465879	-441.394180474892
"Leaf.05"	"Leaf"	5	1	58	606.080899332682	-442.798338445216
"Leaf.05"	"Leaf"	5	1	59	590.723705699348	-443.440619015115
"Leaf.05"	"Leaf"	5	1	60	579.493139456444	-442.988182209696
"Leaf.05"	"Leaf"	5	1	61	558.542762115995	-440.221513960918
"Leaf.05"	"Leaf"	5	1	62	539.113539645298	-434.095295584333
"Leaf.05"	"Leaf"	5	1	63	522.63822925676	-433.980898616003
"Leaf.05"	"Leaf"	5	1	64	498.759939145136	-421.458020234302
"Leaf.05"	"Leaf"	5	1	65	491.718398639023	-410.924333114363
"Leaf.05"	"Leaf"	5	1	66	487.266731066996	-404.902111981714
"Leaf.05"	"Leaf"	5	1	67	474.548809058618	-402.941519962034
"Leaf.05"	"Leaf"	5	1	68	467.866107838382	-394.657066007994
"Leaf.05"	"Leaf"	5	1	69	464.919995549517	-387.521927982339
"Leaf.05"	"Leaf"	5	1	70	463.084200222561	-382.266784112312
"Leaf.05"	"Leaf"	5	1	71	460.1328880715	-375.88052383159
"Leaf.05"	"Leaf"	5	1	72	457.914854078782	-371.746096647865
"Leaf.05"	"Leaf"	5	1	73	455.712419672655	-365.36503622934
"Leaf.05"	"Leaf"	5	1	74	447.165323883379	-355.944266002408
"Leaf.05"	"Leaf"	5	1	75	442.323617852296	-352.166078173461
"Leaf.05"	"Leaf"	5	1	76	439.28622736464	-349.432814917409
"Leaf.05"	"Leaf"	5	1	77	437.070863133974	-347.727830279614
"Leaf.05"	"Leaf"	5	1	78	429.729817411697	-345.202530728325
"Leaf.05"	"Leaf"	5	1	79	417.203626781909	-342.172377075845
"Leaf.05"	"Leaf"	5	1	80	403.750207531103	-338.825977011327
"Leaf.05"	"Leaf"	5	1	81	388.283132301486	-335.465595046997
"Leaf.05"	"Leaf"	5	1	82	376.835840314207	-333.217453178574
"Leaf.05"	"Leaf"	5	1	83	366.942892118249	-330.205583548927
"Leaf.05"	"Leaf"	5	1	84	354.723268123706	-327.642270799221
"Leaf.05"	"Leaf"	5	1	85	345.775832571598	-322.313405147782
"Leaf.08"	"Leaf"	8	2	1	323.269918766186	-291.945482989497
"Leaf.08"	"Leaf"	8	2	2	328.802857986446	-287.659971981578
"Leaf.08"	"Leaf"	8	2	3	333.148412845669	-284.545469738884
"Leaf.08"	"Leaf"	8	2	4	338.274640215043	-282.222557070213
"Leaf.08"	"Leaf"	8	2	5	341.831334766212	-279.495661816626
"Leaf.08"	"Leaf"	8	2	6	350.129378963617	-273.263928065269
"Leaf.08"	"Leaf"	8	2	7	354.488580152683	-268.184098217358
"Leaf.08"	"Leaf"	8	2	8	358.067108831599	-262.312678795423
"Leaf.08"	"Leaf"	8	2	9	363.635528509447	-252.917316013941
"Leaf.08"	"Leaf"	8	2	10	372.722433014907	-246.297975273478
"Leaf.08"	"Leaf"	8	2	11	376.699485746803	-239.643154075425
"Leaf.08"	"Leaf"	8	2	12	381.462669520786	-232.993791409309
"Leaf.08"	"Leaf"	8	2	13	389.763442984159	-226.368992136909
"Leaf.08"	"Leaf"	8	2	14	397.308107331098	-215.415013601095
"Leaf.08"	"Leaf"	8	2	15	402.849234349262	-209.950306030046
"Leaf.08"	"Leaf"	8	2	16	409.948977121758	-206.461843128087
"Leaf.08"	"Leaf"	8	2	17	414.690326767994	-202.957004630318
"Leaf.08"	"Leaf"	8	2	18	419.43167641423	-199.452166132549
"Leaf.08"	"Leaf"	8	2	19	426.143812197619	-195.174842922535
"Leaf.08"	"Leaf"	8	2	20	430.887891109823	-191.276938903723
"Leaf.08"	"Leaf"	8	2	21	435.621052958153	-188.951296969084
"Leaf.08"	"Leaf"	8	2	22	441.148533646476	-185.451917003251
"Leaf.08"	"Leaf"	8	2	23	446.665097270924	-183.524799121592
"Leaf.08"	"Leaf"	8	2	24	458.102207104739	-178.101030540069
"Leaf.08"	"Leaf"	8	2	25	460.859124283979	-177.334004359762
"Leaf.08"	"Leaf"	8	2	26	468.736810300656	-175.03019655287
"Leaf.08"	"Leaf"	8	2	27	472.282587787952	-173.875563383455
"Leaf.08"	"Leaf"	8	2	28	487.642165034294	-169.658284024746
"Leaf.08"	"Leaf"	8	2	29	502.166484451119	-172.510725512881
"Leaf.08"	"Leaf"	8	2	30	508.428240128128	-176.485048978809
"Leaf.08"	"Leaf"	8	2	31	511.556388700664	-178.865276232816
"Leaf.08"	"Leaf"	8	2	32	515.047580868591	-185.571953484268
"Leaf.08"	"Leaf"	8	2	33	515.776397325342	-193.831787958115
"Leaf.08"	"Leaf"	8	2	34	514.545344708812	-201.291845060033
"Leaf.08"	"Leaf"	8	2	35	513.336126220029	-205.607377993605
"Leaf.08"	"Leaf"	8	2	36	510.530082253358	-213.449583552693
"Leaf.08"	"Leaf"	8	2	37	507.726767552655	-220.898723590737
"Leaf.08"	"Leaf"	8	2	38	502.958125246735	-228.33421729894
"Leaf.08"	"Leaf"	8	2	39	495.82290201665	-236.932531974462
"Leaf.08"	"Leaf"	8	2	40	490.680299051466	-241.613837769393
"Leaf.08"	"Leaf"	8	2	41	485.885469683933	-245.516460252674
"Leaf.08"	"Leaf"	8	2	42	475.803846871385	-254.236872392901
"Leaf.08"	"Leaf"	8	2	43	461.683711121984	-262.22600981615
"Leaf.08"	"Leaf"	8	2	44	455.324401141184	-266.577060839341
"Leaf.08"	"Leaf"	8	2	45	444.211172254554	-271.94995255323
"Leaf.08"	"Leaf"	8	2	46	435.57623012796	-274.878736348927
"Leaf.08"	"Leaf"	8	2	47	420.071668011679	-279.69371180993
"Leaf.08"	"Leaf"	8	2	48	406.139538801445	-285.926071806735
"Leaf.08"	"Leaf"	8	2	49	395.399881647303	-288.137008287609
"Leaf.08"	"Leaf"	8	2	50	385.17541719374	-292.109604886619
"Leaf.08"	"Leaf"	8	2	51	366.179272337184	-293.384170690426
"Leaf.08"	"Leaf"	8	2	52	354.765712093447	-291.371029041125
"Leaf.08"	"Leaf"	8	2	53	344.901391970219	-294.115468316424
"Leaf.08"	"Leaf"	8	2	54	340.668769129583	-296.019970075576
"Leaf.08"	"Leaf"	8	2	55	335.378906083481	-298.268747417063
"Leaf.08"	"Leaf"	8	2	56	331.85680652013	-299.123333008287
"Leaf.08"	"Leaf"	8	2	57	329.391947162246	-299.633643017175
"Leaf.08"	"Leaf"	8	2	58	325.359537590008	-298.023369250514
"Leaf.08"	"Leaf"	8	2	59	322.903222942585	-297.303080589845
"Leaf.08"	"Leaf"	8	2	60	319.929274248736	-295.172731430912
"Leaf.03"	"Leaf"	3	3	1	304.485050806099	-240.27913263837
"Leaf.03"	"Leaf"	3	3	2	304.855600623456	-236.494707903365
"Leaf.03"	"Leaf"	3	3	3	306.287602447193	-228.586383225235
"Leaf.03"	"Leaf"	3	3	4	306.660542619107	-224.457702572997
"Leaf.03"	"Leaf"	3	3	5	307.076509173042	-214.132415410566
"Leaf.03"	"Leaf"	3	3	6	306.76093751049	-209.998954049215
"Leaf.03"	"Leaf"	3	3	7	307.502037145204	-202.430104579205
"Leaf.03"	"Leaf"	3	3	8	307.525940690772	-198.987545406875
"Leaf.03"	"Leaf"	3	3	9	305.491479796612	-194.497876355507
"Leaf.03"	"Leaf"	3	3	10	302.763726358873	-190.691938429491
"Leaf.03"	"Leaf"	3	3	11	298.656558897646	-187.220695002481
"Leaf.03"	"Leaf"	3	3	12	291.472601372333	-180.629635129364
"Leaf.03"	"Leaf"	3	3	13	279.139147215867	-171.937184434499
"Leaf.03"	"Leaf"	3	3	14	275.388187444656	-166.747051775881
"Leaf.03"	"Leaf"	3	3	15	271.976702881565	-162.247821306286
"Leaf.03"	"Leaf"	3	3	16	269.248949443826	-158.44188338027
"Leaf.03"	"Leaf"	3	3	17	266.554660969881	-149.816362612993
"Leaf.03"	"Leaf"	3	3	18	263.523287642374	-140.155683739461
"Leaf.03"	"Leaf"	3	3	19	260.848122004884	-128.776115634321
"Leaf.03"	"Leaf"	3	3	20	259.884674535331	-118.785522970897
"Leaf.03"	"Leaf"	3	3	21	259.241579437443	-112.239879834358
"Leaf.03"	"Leaf"	3	3	22	259.669256210853	-106.75250231919
"Leaf.03"	"Leaf"	3	3	23	260.302924276217	-101.954100818097
"Leaf.03"	"Leaf"	3	3	24	260.922697827641	-99.156770090035
"Leaf.03"	"Leaf"	3	3	25	263.567162825794	-92.9715135617592
"Leaf.03"	"Leaf"	3	3	26	265.807245315158	-87.383799362605
"Leaf.03"	"Leaf"	3	3	27	268.448931410523	-81.5987569889354
"Leaf.03"	"Leaf"	3	3	28	270.272126328554	-78.4095488146308
"Leaf.03"	"Leaf"	3	3	29	272.908254618343	-73.4249347501738
"Leaf.03"	"Leaf"	3	3	30	277.146628977951	-68.2513292195651
"Leaf.03"	"Leaf"	3	3	31	280.178803068164	-63.8698152898053
"Leaf.03"	"Leaf"	3	3	32	282.200715612105	-60.8821036441978
"Leaf.03"	"Leaf"	3	3	33	286.029149657349	-57.1064687519231
"Leaf.03"	"Leaf"	3	3	34	289.457369547987	-53.3280549568606
"Leaf.03"	"Leaf"	3	3	35	292.276931498352	-50.746115271435
"Leaf.03"	"Leaf"	3	3	36	298.113383573597	-45.983839506584
"Leaf.03"	"Leaf"	3	3	37	299.723966351779	-44.5942055766136
"Leaf.03"	"Leaf"	3	3	38	303.744170765963	-42.0206025995516
"Leaf.03"	"Leaf"	3	3	39	308.560635135177	-40.0528786599748
"Leaf.03"	"Leaf"	3	3	40	314.166412202453	-39.6915691443986
"Leaf.03"	"Leaf"	3	3	41	317.369514890697	-39.5136932893984
"Leaf.03"	"Leaf"	3	3	42	327.76118839652	-41.5870155349142
"Leaf.03"	"Leaf"	3	3	43	337.542814510676	-45.0569189673701
"Leaf.03"	"Leaf"	3	3	44	345.121873323104	-48.7116455117958
"Leaf.03"	"Leaf"	3	3	45	347.510653188196	-50.5292826242511
"Leaf.03"	"Leaf"	3	3	46	350.688745751349	-53.9533341607072
"Leaf.03"	"Leaf"	3	3	47	353.470792514078	-56.774285562466
"Leaf.03"	"Leaf"	3	3	48	358.440122613202	-61.6115917025894
"Leaf.03"	"Leaf"	3	3	49	361.614046822173	-65.6359644709548
"Leaf.03"	"Leaf"	3	3	50	363.199619475265	-67.8482579324407
"Leaf.03"	"Leaf"	3	3	51	365.964992821266	-73.070494261837
"Leaf.03"	"Leaf"	3	3	52	369.126411967692	-78.8958307259306
"Leaf.03"	"Leaf"	3	3	53	372.888152346028	-84.725335544206
"Leaf.03"	"Leaf"	3	3	54	374.05822687918	-89.1360279532383
"Leaf.03"	"Leaf"	3	3	55	374.82947670912	-93.3438343821797
"Leaf.03"	"Leaf"	3	3	56	377.558712155263	-99.6630714887301
"Leaf.03"	"Leaf"	3	3	57	377.687351255393	-104.335313642671
"Leaf.03"	"Leaf"	3	3	58	377.807043008729	-110.296141654707
"Leaf.03"	"Leaf"	3	3	59	378.739929851819	-115.135049132656
"Leaf.03"	"Leaf"	3	3	60	378.857384768456	-121.418023609215
"Leaf.03"	"Leaf"	3	3	61	378.641509037076	-129.309493571693
"Leaf.03"	"Leaf"	3	3	62	378.91108983918	-136.882172324696
"Leaf.03"	"Leaf"	3	3	63	378.882010962097	-141.070076363502
"Leaf.03"	"Leaf"	3	3	64	378.359646623084	-146.704284237617
"Leaf.03"	"Leaf"	3	3	65	377.363009934081	-151.046550998589
"Leaf.03"	"Leaf"	3	3	66	376.851829778561	-155.070026550086
"Leaf.03"	"Leaf"	3	3	67	375.863022018004	-158.284780685225
"Leaf.03"	"Leaf"	3	3	68	370.657231341556	-165.658359982088
"Leaf.03"	"Leaf"	3	3	69	364.176275827207	-171.090113145014
"Leaf.03"	"Leaf"	3	3	70	357.856393545119	-176.52298472629
"Leaf.03"	"Leaf"	3	3	71	352.516371676794	-180.029688030521
"Leaf.03"	"Leaf"	3	3	72	349.281486011366	-181.940198450675
"Leaf.03"	"Leaf"	3	3	73	340.723354752854	-184.941313691133
"Leaf.03"	"Leaf"	3	3	74	334.038509268129	-190.258591855836
"Leaf.03"	"Leaf"	3	3	75	329.332294975997	-194.767253486737
"Leaf.03"	"Leaf"	3	3	76	325.970978308923	-197.94956540397
"Leaf.03"	"Leaf"	3	3	77	322.848964508635	-205.140603120429
"Leaf.03"	"Leaf"	3	3	78	319.990365859943	-212.867745095773
"Leaf.03"	"Leaf"	3	3	79	318.798199004053	-221.674897404508
"Leaf.03"	"Leaf"	3	3	80	316.958008876649	-226.909661316979
"Leaf.03"	"Leaf"	3	3	81	314.258079430998	-237.877953941958
"Leaf.03"	"Leaf"	3	3	82	313.412003145481	-241.643749519786
"Leaf.03"	"Leaf"	3	3	83	312.06716205993	-246.389995906771
"Leaf.03"	"Leaf"	3	3	84	312.052360441138	-248.521706802673
"Leaf.06"	"Leaf"	6	4	1	265.753707812531	-258.365936387466
"Leaf.06"	"Leaf"	6	4	2	257.181084434816	-244.216244515186
"Leaf.06"	"Leaf"	6	4	3	250.783600086245	-228.997796766402
"Leaf.06"	"Leaf"	6	4	4	247.645061553778	-212.71811859634
"Leaf.06"	"Leaf"	6	4	5	247.731604288891	-200.254340546316
"Leaf.06"	"Leaf"	6	4	6	249.489009935805	-181.299009957381
"Leaf.06"	"Leaf"	6	4	7	247.392888186546	-170.987794570819
"Leaf.06"	"Leaf"	6	4	8	240.5099413587	-147.637033192231
"Leaf.06"	"Leaf"	6	4	9	235.700539914431	-137.848907561081
"Leaf.06"	"Leaf"	6	4	10	229.306818293474	-122.088556418818
"Leaf.06"	"Leaf"	6	4	11	225.551121815255	-116.643183390729
"Leaf.06"	"Leaf"	6	4	12	217.516639103405	-103.039157639542
"Leaf.06"	"Leaf"	6	4	13	214.299083291052	-98.1394507325467
"Leaf.06"	"Leaf"	6	4	14	211.074002023471	-94.3235506125098
"Leaf.06"	"Leaf"	6	4	15	205.692595364814	-88.8668894015805
"Leaf.06"	"Leaf"	6	4	16	200.845566644409	-84.4977977052235
"Leaf.06"	"Leaf"	6	4	17	191.170322841667	-73.0500973451128
"Leaf.06"	"Leaf"	6	4	18	186.330819576489	-67.5971988617972
"Leaf.06"	"Leaf"	6	4	19	181.480028128471	-63.7700105589195
"Leaf.06"	"Leaf"	6	4	20	174.472911289376	-58.3020611651494
"Leaf.06"	"Leaf"	6	4	21	170.16778596245	-53.9367321964059
"Leaf.06"	"Leaf"	6	4	22	163.702572516834	-48.4725455302495
"Leaf.06"	"Leaf"	6	4	23	158.851781068816	-44.6453572273717
"Leaf.06"	"Leaf"	6	4	24	150.215191321669	-39.7080230442401
"Leaf.06"	"Leaf"	6	4	25	143.193023572119	-36.4076872243873
"Leaf.06"	"Leaf"	6	4	26	136.708996488436	-33.6530175256274
"Leaf.06"	"Leaf"	6	4	27	124.267794804093	-30.3150544296385
"Leaf.06"	"Leaf"	6	4	28	109.643928635379	-29.1296539971125
"Leaf.06"	"Leaf"	6	4	29	101.507852277962	-30.157019869867
"Leaf.06"	"Leaf"	6	4	30	94.9824351905281	-33.3632874993796
"Leaf.06"	"Leaf"	6	4	31	87.9151147096153	-36.5657924012786
"Leaf.06"	"Leaf"	6	4	32	84.6223043449897	-42.5041533638695
"Leaf.06"	"Leaf"	6	4	33	80.7349124002943	-56.0253991075572
"Leaf.06"	"Leaf"	6	4	34	77.9689545186936	-64.135136371679
"Leaf.06"	"Leaf"	6	4	35	78.5979340453453	-80.0180564347672
"Leaf.06"	"Leaf"	6	4	36	78.5457643950428	-87.5314651740315
"Leaf.06"	"Leaf"	6	4	37	81.1444969795527	-97.2446979393186
"Leaf.06"	"Leaf"	6	4	38	84.7059700916706	-107.934134367776
"Leaf.06"	"Leaf"	6	4	39	88.2741747715694	-117.654098700844
"Leaf.06"	"Leaf"	6	4	40	91.3913012426787	-122.523336773077
"Leaf.06"	"Leaf"	6	4	41	94.2711083657764	-126.663787881822
"Leaf.06"	"Leaf"	6	4	42	99.5325234287154	-136.880268506202
"Leaf.06"	"Leaf"	6	4	43	106.500612010257	-145.654321231114
"Leaf.06"	"Leaf"	6	4	44	112.494179820573	-155.148746459787
"Leaf.06"	"Leaf"	6	4	45	117.7774724788	-162.214442774153
"Leaf.06"	"Leaf"	6	4	46	121.865753937244	-166.848044390319
"Leaf.06"	"Leaf"	6	4	47	129.480925616227	-175.135751443622
"Leaf.06"	"Leaf"	6	4	48	140.427258763236	-184.412518720457
"Leaf.06"	"Leaf"	6	4	49	145.832867337569	-187.9191921631
"Leaf.06"	"Leaf"	6	4	50	151.994694806552	-191.129452147065
"Leaf.06"	"Leaf"	6	4	51	160.839952280826	-198.883309049805
"Leaf.06"	"Leaf"	6	4	52	170.460279302385	-203.625904734183
"Leaf.06"	"Leaf"	6	4	53	178.4435251211	-205.189658188987
"Leaf.06"	"Leaf"	6	4	54	182.359735592689	-205.97101128715
"Leaf.06"	"Leaf"	6	4	55	182.320987028939	-211.551531682054
"Leaf.06"	"Leaf"	6	4	56	181.99420307435	-215.169234178006
"Leaf.06"	"Leaf"	6	4	57	181.521830536622	-218.031765037788
"Leaf.06"	"Leaf"	6	4	58	186.354510104715	-217.160328055911
"Leaf.06"	"Leaf"	6	4	59	193.443279255	-217.209549204458
"Leaf.06"	"Leaf"	6	4	60	199.772687735195	-218.007658438296
"Leaf.06"	"Leaf"	6	4	61	205.955460373772	-218.201420911502
"Leaf.06"	"Leaf"	6	4	62	210.623700706091	-219.289660053139
"Leaf.06"	"Leaf"	6	4	63	214.088483809546	-219.917046500324
"Leaf.06"	"Leaf"	6	4	64	218.149235605794	-221.604396110194
"Leaf.06"	"Leaf"	6	4	65	222.509542636159	-223.595489988099
"Leaf.06"	"Leaf"	6	4	66	229.931032010352	-227.688866712478
"Leaf.06"	"Leaf"	6	4	67	236.989830863426	-236.111149533383
"Leaf.06"	"Leaf"	6	4	68	241.646517730683	-243.784092089774
"Leaf.06"	"Leaf"	6	4	69	248.179105586595	-252.621384632454
"Leaf.06"	"Leaf"	6	4	70	255.229910557292	-262.194936541213
"Leaf.06"	"Leaf"	6	4	71	259.055124547839	-269.024778755617
"Leaf.06"	"Leaf"	6	4	72	262.585604175936	-274.306686202996
"Leaf.06"	"Leaf"	6	4	73	268.427473440022	-280.745704717541
"Leaf.06"	"Leaf"	6	4	74	270.201184227924	-283.317402654285
"Leaf.06"	"Leaf"	6	4	75	270.253673217993	-276.388221968119
"Leaf.06"	"Leaf"	6	4	76	270.053305279096	-270.616106249118
"Leaf.06"	"Leaf"	6	4	77	270.829703626938	-262.686751074291
"Leaf.06"	"Leaf"	6	4	78	267.233191552743	-261.219097436594
"Leaf.04"	"Leaf"	4	5	1	254.666484884945	-342.255669781008
"Leaf.04"	"Leaf"	4	5	2	248.474991841392	-346.043234641081
"Leaf.04"	"Leaf"	4	5	3	242.295932923624	-350.151037361767
"Leaf.04"	"Leaf"	4	5	4	231.042695672862	-357.215442396221
"Leaf.04"	"Leaf"	4	5	5	228.102604971323	-359.340274779237
"Leaf.04"	"Leaf"	4	5	6	224.377045729808	-362.239743055486
"Leaf.04"	"Leaf"	4	5	7	219.090027974242	-365.323391739142
"Leaf.04"	"Leaf"	4	5	8	208.121904112278	-372.07302010722
"Leaf.04"	"Leaf"	4	5	9	201.857112924271	-375.539924494963
"Leaf.04"	"Leaf"	4	5	10	195.202295627961	-379.00412072102
"Leaf.04"	"Leaf"	4	5	11	190.695330088999	-382.093185728048
"Leaf.04"	"Leaf"	4	5	12	183.861748708654	-383.215871223449
"Leaf.04"	"Leaf"	4	5	13	180.351513733935	-383.191497768275
"Leaf.04"	"Leaf"	4	5	14	176.077475512728	-380.821551339916
"Leaf.04"	"Leaf"	4	5	15	169.280454315144	-376.678884373239
"Leaf.04"	"Leaf"	4	5	16	164.816819363158	-373.527531647433
"Leaf.04"	"Leaf"	4	5	17	157.823431030581	-369.578523654064
"Leaf.04"	"Leaf"	4	5	18	151.21329840209	-366.607289093136
"Leaf.04"	"Leaf"	4	5	19	146.145667155849	-366.182056882916
"Leaf.04"	"Leaf"	4	5	20	144.37294661753	-368.705039859293
"Leaf.04"	"Leaf"	4	5	21	141.831006509351	-369.662502079089
"Leaf.04"	"Leaf"	4	5	22	133.262618854292	-367.847805034637
"Leaf.04"	"Leaf"	4	5	23	127.202319286337	-369.950972124166
"Leaf.04"	"Leaf"	4	5	24	120.753347690922	-371.856417997857
"Leaf.04"	"Leaf"	4	5	25	115.088490554641	-373.182241032468
"Leaf.04"	"Leaf"	4	5	26	109.809597284132	-375.095811391217
"Leaf.04"	"Leaf"	4	5	27	105.299923583484	-378.574902506547
"Leaf.04"	"Leaf"	4	5	28	95.919636357692	-385.087682188074
"Leaf.04"	"Leaf"	4	5	29	92.0755973894222	-386.455369996763
"Leaf.04"	"Leaf"	4	5	30	86.8299855052737	-388.859110212367
"Leaf.04"	"Leaf"	4	5	31	81.9281108468969	-391.962426703509
"Leaf.04"	"Leaf"	4	5	32	74.9299277267002	-395.748376916597
"Leaf.04"	"Leaf"	4	5	33	68.2779021970744	-399.885325449855
"Leaf.04"	"Leaf"	4	5	34	59.8733054314004	-405.404483980597
"Leaf.04"	"Leaf"	4	5	35	56.7094798202765	-409.217058206477
"Leaf.04"	"Leaf"	4	5	36	54.2549119438893	-411.291583385104
"Leaf.04"	"Leaf"	4	5	37	51.7664589603126	-418.246199938914
"Leaf.04"	"Leaf"	4	5	38	44.383392412757	-427.258399117757
"Leaf.04"	"Leaf"	4	5	39	41.1881020592429	-435.60248676345
"Leaf.04"	"Leaf"	4	5	40	39.0143419238472	-447.439615057243
"Leaf.04"	"Leaf"	4	5	41	38.2566768931256	-456.149223211901
"Leaf.04"	"Leaf"	4	5	42	39.217697991263	-468.356712744257
"Leaf.04"	"Leaf"	4	5	43	40.185980183798	-479.518468410503
"Leaf.04"	"Leaf"	4	5	44	42.5897203994012	-484.764080294652
"Leaf.04"	"Leaf"	4	5	45	44.6545641188311	-488.61295999252
"Leaf.04"	"Leaf"	4	5	46	50.9265469506964	-489.005104514277
"Leaf.04"	"Leaf"	4	5	47	53.3012427887087	-498.433651862868
"Leaf.04"	"Leaf"	4	5	48	54.3058304532323	-504.36673819856
"Leaf.04"	"Leaf"	4	5	49	60.5390874483098	-510.336130006241
"Leaf.04"	"Leaf"	4	5	50	63.6593464930475	-512.797958977026
"Leaf.04"	"Leaf"	4	5	51	72.7030104142802	-515.649512104768
"Leaf.04"	"Leaf"	4	5	52	85.9296097999559	-518.530109610101
"Leaf.04"	"Leaf"	4	5	53	90.804860445541	-519.261150628031
"Leaf.04"	"Leaf"	4	5	54	98.4735754636866	-519.314398653615
"Leaf.04"	"Leaf"	4	5	55	107.541443032912	-518.680172227654
"Leaf.04"	"Leaf"	4	5	56	116.969990381503	-516.305476389642
"Leaf.04"	"Leaf"	4	5	57	124.309490362673	-513.567680407464
"Leaf.04"	"Leaf"	4	5	58	131.297992023672	-511.176042015857
"Leaf.04"	"Leaf"	4	5	59	141.077537692434	-508.455188587274
"Leaf.04"	"Leaf"	4	5	60	159.627200635834	-497.777551305156
"Leaf.04"	"Leaf"	4	5	61	164.88007361438	-494.328077223442
"Leaf.04"	"Leaf"	4	5	62	171.346004313461	-485.555368853267
"Leaf.04"	"Leaf"	4	5	63	177.266951795954	-480.403678377511
"Leaf.04"	"Leaf"	4	5	64	182.808821927645	-471.512988146707
"Leaf.04"	"Leaf"	4	5	65	187.422605532036	-459.921189538026
"Leaf.04"	"Leaf"	4	5	66	188.637392284048	-452.374131969538
"Leaf.04"	"Leaf"	4	5	67	192.4887358841	-445.208385526544
"Leaf.04"	"Leaf"	4	5	68	197.207468279715	-439.865937497988
"Leaf.04"	"Leaf"	4	5	69	196.197252425233	-435.524074045841
"Leaf.04"	"Leaf"	4	5	70	195.899841525873	-428.412856636831
"Leaf.04"	"Leaf"	4	5	71	194.887217851873	-424.417764384171
"Leaf.04"	"Leaf"	4	5	72	193.010073998672	-420.069881383228
"Leaf.04"	"Leaf"	4	5	73	192.003469873468	-415.207861131849
"Leaf.04"	"Leaf"	4	5	74	192.033567617448	-410.873221138257
"Leaf.04"	"Leaf"	4	5	75	196.133766153262	-403.553397870149
"Leaf.04"	"Leaf"	4	5	76	200.019906327622	-397.483017594391
"Leaf.04"	"Leaf"	4	5	77	207.696115718923	-391.104293929712
"Leaf.04"	"Leaf"	4	5	78	216.712788091829	-383.636453483034
"Leaf.04"	"Leaf"	4	5	79	226.329576043067	-375.814187197461
"Leaf.04"	"Leaf"	4	5	80	233.789101637425	-368.813658327449
"Leaf.04"	"Leaf"	4	5	81	247.649466829132	-354.919250153878
"Leaf.04"	"Leaf"	4	5	82	254.819131316496	-347.157659551605
"Leaf.07"	"Leaf"	7	6	1	293.807102099232	-370.872590773454
"Leaf.07"	"Leaf"	7	6	2	292.096155529947	-379.128806785139
"Leaf.07"	"Leaf"	7	6	3	290.91342595578	-390.695928907092
"Leaf.07"	"Leaf"	7	6	4	291.912452862414	-405.585438556036
"Leaf.07"	"Leaf"	7	6	5	291.257940283366	-420.463466788259
"Leaf.07"	"Leaf"	7	6	6	292.30671999579	-428.187638665919
"Leaf.07"	"Leaf"	7	6	7	294.473167920962	-433.71474550715
"Leaf.07"	"Leaf"	7	6	8	298.281673915094	-440.906873250783
"Leaf.07"	"Leaf"	7	6	9	303.204020983068	-446.45311578655
"Leaf.07"	"Leaf"	7	6	10	307.575188222482	-451.995531183409
"Leaf.07"	"Leaf"	7	6	11	309.737809008747	-458.073817853201
"Leaf.07"	"Leaf"	7	6	12	311.291842882847	-472.415974812491
"Leaf.07"	"Leaf"	7	6	13	317.772050963829	-491.753194478987
"Leaf.07"	"Leaf"	7	6	14	315.490788871449	-502.761482494567
"Leaf.07"	"Leaf"	7	6	15	313.760706607629	-513.773597649054
"Leaf.07"	"Leaf"	7	6	16	313.152119695464	-522.037467938552
"Leaf.07"	"Leaf"	7	6	17	314.032943422598	-532.316404813407
"Leaf.07"	"Leaf"	7	6	18	311.905357198887	-545.673444709561
"Leaf.07"	"Leaf"	7	6	19	310.674023659046	-555.548408760719
"Leaf.07"	"Leaf"	7	6	20	310.032118583708	-564.264699194732
"Leaf.07"	"Leaf"	7	6	21	307.012316338499	-580.522459796123
"Leaf.07"	"Leaf"	7	6	22	303.734129822386	-592.127360948256
"Leaf.07"	"Leaf"	7	6	23	302.232302024525	-599.093530969433
"Leaf.07"	"Leaf"	7	6	24	299.269013052523	-607.212319614199
"Leaf.07"	"Leaf"	7	6	25	293.602393238123	-621.971526573632
"Leaf.07"	"Leaf"	7	6	26	285.310151317286	-630.660354186489
"Leaf.07"	"Leaf"	7	6	27	283.750667392013	-632.964750733532
"Leaf.07"	"Leaf"	7	6	28	280.885362108855	-638.08979956262
"Leaf.07"	"Leaf"	7	6	29	278.289794473488	-641.4159908594
"Leaf.07"	"Leaf"	7	6	30	276.476647980824	-643.204131671441
"Leaf.07"	"Leaf"	7	6	31	272.600264668196	-645.749687945562
"Leaf.07"	"Leaf"	7	6	32	267.682439285341	-650.088743391857
"Leaf.07"	"Leaf"	7	6	33	262.017915160672	-650.821153173314
"Leaf.07"	"Leaf"	7	6	34	254.550961263606	-651.798294921939
"Leaf.07"	"Leaf"	7	6	35	248.111160476412	-653.03981595822
"Leaf.07"	"Leaf"	7	6	36	244.768894099231	-652.759361590163
"Leaf.07"	"Leaf"	7	6	37	236.549883100219	-650.901562096386
"Leaf.07"	"Leaf"	7	6	38	233.731016938219	-649.338505931024
"Leaf.07"	"Leaf"	7	6	39	230.145804713915	-646.998386983091
"Leaf.07"	"Leaf"	7	6	40	225.812107627754	-641.308857177799
"Leaf.07"	"Leaf"	7	6	41	221.983949556327	-636.90907364999
"Leaf.07"	"Leaf"	7	6	42	217.130424495075	-631.987676027046
"Leaf.07"	"Leaf"	7	6	43	214.61523226171	-623.738300987277
"Leaf.07"	"Leaf"	7	6	44	213.100401337549	-619.611827347348
"Leaf.07"	"Leaf"	7	6	45	211.335480086087	-614.454628357459
"Leaf.07"	"Leaf"	7	6	46	210.108248010162	-605.956949110434
"Leaf.07"	"Leaf"	7	6	47	208.895304894593	-595.401391403578
"Leaf.07"	"Leaf"	7	6	48	207.164319923976	-585.356731071591
"Leaf.07"	"Leaf"	7	6	49	207.996752427926	-576.616105977443
"Leaf.07"	"Leaf"	7	6	50	207.832395862762	-563.238109868497
"Leaf.07"	"Leaf"	7	6	51	208.680903447113	-552.182371507039
"Leaf.07"	"Leaf"	7	6	52	210.038522286287	-541.901909808107
"Leaf.07"	"Leaf"	7	6	53	211.671237133386	-529.050886154431
"Leaf.07"	"Leaf"	7	6	54	213.550470067697	-517.745057465672
"Leaf.07"	"Leaf"	7	6	55	216.967753486747	-507.221649919617
"Leaf.07"	"Leaf"	7	6	56	219.560832282135	-496.481428836956
"Leaf.07"	"Leaf"	7	6	57	219.343291569747	-492.837255752701
"Leaf.07"	"Leaf"	7	6	58	220.864358795401	-483.619738802677
"Leaf.07"	"Leaf"	7	6	59	226.233650883239	-479.771513940492
"Leaf.07"	"Leaf"	7	6	60	226.527066851953	-472.488226122405
"Leaf.07"	"Leaf"	7	6	61	230.913226264155	-470.333084044466
"Leaf.07"	"Leaf"	7	6	62	236.806963967553	-460.903084732476
"Leaf.07"	"Leaf"	7	6	63	240.754669721365	-451.945261415022
"Leaf.07"	"Leaf"	7	6	64	242.984000938821	-445.646792389378
"Leaf.07"	"Leaf"	7	6	65	248.108774445356	-442.039713874882
"Leaf.07"	"Leaf"	7	6	66	253.466263715544	-439.891316264173
"Leaf.07"	"Leaf"	7	6	67	258.348204757583	-436.28255163287
"Leaf.07"	"Leaf"	7	6	68	263.940225056775	-432.756152164349
"Leaf.07"	"Leaf"	7	6	69	267.99855734831	-426.690760724283
"Leaf.07"	"Leaf"	7	6	70	273.377282314102	-409.970788879337
"Leaf.07"	"Leaf"	7	6	71	274.825581326167	-400.840489254817
"Leaf.07"	"Leaf"	7	6	72	276.564493390114	-395.251258054762
"Leaf.07"	"Leaf"	7	6	73	277.534008795161	-391.599376052947
"Leaf.07"	"Leaf"	7	6	74	278.272412589143	-387.237770504923
"Leaf.07"	"Leaf"	7	6	75	280.320443719565	-381.232981174274
"Leaf.07"	"Leaf"	7	6	76	282.245544123598	-375.935457082881
"Leaf.07"	"Leaf"	7	6	77	283.092128802257	-372.990840320322
"Leaf.07"	"Leaf"	7	6	78	283.100323158764	-371.810699195477
"Leaf.07"	"Leaf"	7	6	79	286.430120813501	-368.175205906676
"Leaf.07"	"Leaf"	7	6	80	288.801875162302	-366.539397044906
"Leaf.07"	"Leaf"	7	6	81	290.581100641727	-365.253533342336
"Leaf.07"	"Leaf"	7	6	82	292.834021442392	-363.7349191574
"Leaf.07"	"Leaf"	7	6	83	294.378038132499	-362.329402471045
"Leaf.10"	"Leaf"	10	7	1	312.972460394159	-323.214442904797
"Leaf.10"	"Leaf"	10	7	2	318.61360148355	-319.876395132827
"Leaf.10"	"Leaf"	10	7	3	326.018812964145	-318.969792757528
"Leaf.10"	"Leaf"	10	7	4	331.454172342123	-317.87968256368
"Leaf.10"	"Leaf"	10	7	5	338.188727757475	-320.00098224572
"Leaf.10"	"Leaf"	10	7	6	345.658817952714	-322.722766454853
"Leaf.10"	"Leaf"	10	7	7	354.271130252246	-327.821576570497
"Leaf.10"	"Leaf"	10	7	8	359.544929457098	-332.821655473706
"Leaf.10"	"Leaf"	10	7	9	371.431052393611	-342.159064164064
"Leaf.10"	"Leaf"	10	7	10	377.158719590975	-348.812535315355
"Leaf.10"	"Leaf"	10	7	11	379.246543652961	-350.506702265874
"Leaf.10"	"Leaf"	10	7	12	386.941925346151	-361.569811205545
"Leaf.10"	"Leaf"	10	7	13	389.173046440817	-369.589115152095
"Leaf.10"	"Leaf"	10	7	14	391.989733862103	-375.611531984279
"Leaf.10"	"Leaf"	10	7	15	394.514630479112	-382.48947404861
"Leaf.10"	"Leaf"	10	7	16	394.766726922026	-387.350681817895
"Leaf.10"	"Leaf"	10	7	17	392.440339360091	-393.051537074782
"Leaf.10"	"Leaf"	10	7	18	390.419635628909	-395.896010549021
"Leaf.10"	"Leaf"	10	7	19	383.253872196439	-398.704759098034
"Leaf.10"	"Leaf"	10	7	20	374.379043017743	-400.644089388424
"Leaf.10"	"Leaf"	10	7	21	367.516978697956	-400.882292804861
"Leaf.10"	"Leaf"	10	7	22	359.805343300228	-399.971195466808
"Leaf.10"	"Leaf"	10	7	23	355.807599635362	-399.371736113711
"Leaf.10"	"Leaf"	10	7	24	349.535071078332	-397.04137911564
"Leaf.10"	"Leaf"	10	7	25	340.70787513327	-392.120629804312
"Leaf.10"	"Leaf"	10	7	26	328.74838434583	-385.463028693805
"Leaf.10"	"Leaf"	10	7	27	323.075315141897	-379.134928030868
"Leaf.10"	"Leaf"	10	7	28	319.665122521719	-376.252744913335
"Leaf.10"	"Leaf"	10	7	29	314.269951095585	-371.069975568752
"Leaf.10"	"Leaf"	10	7	30	311.155518715819	-366.760593918929
"Leaf.10"	"Leaf"	10	7	31	308.338831294533	-360.738177086745
"Leaf.10"	"Leaf"	10	7	32	306.673429345806	-353.580352526547
"Leaf.10"	"Leaf"	10	7	33	304.420476352391	-348.705251730785
"Leaf.10"	"Leaf"	10	7	34	303.304915805058	-344.69559975751
"Leaf.10"	"Leaf"	10	7	35	303.33468657608	-340.408050006437
"Leaf.10"	"Leaf"	10	7	36	302.578738332849	-336.972595877477
"Leaf.10"	"Leaf"	10	7	37	303.232025552812	-332.285119230263
"Leaf.10"	"Leaf"	10	7	38	308.075368259181	-328.495848302517
"Leaf.01"	"Leaf"	1	8	1	170.417472314269	-233.487099504129
"Leaf.01"	"Leaf"	1	8	2	158.337254201066	-234.369147518823
"Leaf.01"	"Leaf"	1	8	3	151.083087364071	-235.767669154265
"Leaf.01"	"Leaf"	1	8	4	147.206150425578	-237.672604462
"Leaf.01"	"Leaf"	1	8	5	143.812153946322	-239.580893085887
"Leaf.01"	"Leaf"	1	8	6	140.411450834762	-242.455062628245
"Leaf.01"	"Leaf"	1	8	7	137.004041090901	-246.295113089076
"Leaf.01"	"Leaf"	1	8	8	132.117630123972	-254.471567734578
"Leaf.01"	"Leaf"	1	8	9	127.727572880883	-260.719613859287
"Leaf.01"	"Leaf"	1	8	10	126.228451760908	-267.953660799374
"Leaf.01"	"Leaf"	1	8	11	129.048968244849	-279.08141125871
"Leaf.01"	"Leaf"	1	8	12	133.533751763292	-293.85771229232
"Leaf.01"	"Leaf"	1	8	13	133.533751763292	-293.85771229232
"Leaf.01"	"Leaf"	1	8	14	136.182216894142	-292.077681541037
"Leaf.01"	"Leaf"	1	8	15	136.451046951085	-289.802272211535
"Leaf.01"	"Leaf"	1	8	16	142.031507901791	-287.816775063315
"Leaf.01"	"Leaf"	1	8	17	155.972119216388	-284.371142974894
"Leaf.01"	"Leaf"	1	8	18	165.850380362409	-282.921549096864
"Leaf.01"	"Leaf"	1	8	19	182.310635251722	-281.011596227524
"Leaf.01"	"Leaf"	1	8	20	191.415786257119	-281.580879527917
"Leaf.01"	"Leaf"	1	8	21	201.276478966191	-282.661470286772
"Leaf.01"	"Leaf"	1	8	22	215.675692428403	-286.050850405331
"Leaf.01"	"Leaf"	1	8	23	222.487865667349	-288.881488285667
"Leaf.01"	"Leaf"	1	8	24	229.793777927808	-293.486769099212
"Leaf.01"	"Leaf"	1	8	25	250.71669250207	-298.031835408422
"Leaf.01"	"Leaf"	1	8	26	274.479932647347	-305.819606014177
"Leaf.01"	"Leaf"	1	8	27	279.572843574002	-301.004523725607
"Leaf.01"	"Leaf"	1	8	28	258.716076475396	-293.256453731398
"Leaf.01"	"Leaf"	1	8	29	239.194152988993	-288.071782886963
"Leaf.01"	"Leaf"	1	8	30	224.657765908984	-281.677129693575
"Leaf.01"	"Leaf"	1	8	31	221.780243050475	-278.759367041252
"Leaf.01"	"Leaf"	1	8	32	218.429839681182	-274.389429695069
"Leaf.01"	"Leaf"	1	8	33	216.528257689598	-270.02955229734
"Leaf.01"	"Leaf"	1	8	34	216.082203708024	-264.713853929592
"Leaf.01"	"Leaf"	1	8	35	213.228154062572	-258.415508062617
"Leaf.01"	"Leaf"	1	8	36	209.881104009431	-253.562630257198
"Leaf.01"	"Leaf"	1	8	37	203.166884006242	-246.754517401778
"Leaf.01"	"Leaf"	1	8	38	198.36430594309	-242.857460566378
"Leaf.01"	"Leaf"	1	8	39	192.592493645315	-239.436637557913
"Leaf.01"	"Leaf"	1	8	40	185.854800429068	-236.009107917145
"Leaf.01"	"Leaf"	1	8	41	180.069574866688	-234.520046745623
"Leaf.01"	"Leaf"	1	8	42	176.212757825102	-233.527339297942
"Leaf.01"	"Leaf"	1	8	43	170.417472314269	-233.487099504129
"Leaf.01"	"Leaf"	1	8	44	170.417472314269	-233.487099504129
"Leaf.12"	"Leaf"	12	9	1	273.442944020117	-325.685902092536
"Leaf.12"	"Leaf"	12	9	2	271.079861921054	-322.839552958335
"Leaf.12"	"Leaf"	12	9	3	270.370039469218	-320.223409350598
"Leaf.12"	"Leaf"	12	9	4	261.593765575546	-327.84716908671
"Leaf.12"	"Leaf"	12	9	5	259.870157107355	-333.866022059881
"Leaf.12"	"Leaf"	12	9	6	257.618034106506	-336.456873232201
"Leaf.12"	"Leaf"	12	9	7	256.858363924619	-338.611260644927
"Leaf.12"	"Leaf"	12	9	8	255.877359453918	-340.466226771156
"Leaf.12"	"Leaf"	12	9	9	255.499334101567	-341.282784155779
"Leaf.12"	"Leaf"	12	9	10	255.121046938757	-342.60393128891
"Leaf.12"	"Leaf"	12	9	11	255.188900310435	-347.117803084841
"Leaf.12"	"Leaf"	12	9	12	255.322534384384	-349.301034590926
"Leaf.12"	"Leaf"	12	9	13	257.167557987053	-355.017593663604
"Leaf.12"	"Leaf"	12	9	14	257.793358198272	-357.749818447854
"Leaf.12"	"Leaf"	12	9	15	258.180134879633	-359.190840518968
"Leaf.12"	"Leaf"	12	9	16	262.574588444785	-364.824529527523
"Leaf.12"	"Leaf"	12	9	17	264.04818363391	-367.378796460442
"Leaf.12"	"Leaf"	12	9	18	265.711839332361	-367.828974837853
"Leaf.12"	"Leaf"	12	9	19	270.796009397314	-368.390629035524
"Leaf.12"	"Leaf"	12	9	20	273.778527286846	-368.411338266276
"Leaf.12"	"Leaf"	12	9	21	276.234718489991	-368.428392926896
"Leaf.12"	"Leaf"	12	9	22	279.043012340772	-368.272441738808
"Leaf.12"	"Leaf"	12	9	23	281.237867485789	-368.024505771167
"Leaf.12"	"Leaf"	12	9	24	283.256671306987	-367.86307272788
"Leaf.12"	"Leaf"	12	9	25	285.366850812717	-367.175922093227
"Leaf.12"	"Leaf"	12	9	26	286.423767850648	-366.569183432706
"Leaf.12"	"Leaf"	12	9	27	289.946621612077	-364.575961602437
"Leaf.12"	"Leaf"	12	9	28	294.793819419787	-361.363780595927
"Leaf.12"	"Leaf"	12	9	29	298.869800048579	-355.514484302278
"Leaf.12"	"Leaf"	12	9	30	299.518566265626	-350.518644446745
"Leaf.12"	"Leaf"	12	9	31	298.433619425465	-342.528104801238
"Leaf.12"	"Leaf"	12	9	32	298.015723084227	-339.542541436595
"Leaf.12"	"Leaf"	12	9	33	298.380616727328	-337.527392185529
"Leaf.12"	"Leaf"	12	9	34	298.668143871408	-334.020374894674
"Leaf.12"	"Leaf"	12	9	35	292.631611300647	-334.599955285469
"Leaf.12"	"Leaf"	12	9	36	287.038979329293	-334.687076578618
"Leaf.12"	"Leaf"	12	9	37	281.51774932124	-331.619433635512
"Leaf.12"	"Leaf"	12	9	38	276.774699450045	-328.893892449735
"Leaf.11"	"Leaf"	11	10	1	282.463928432299	-299.818470098493
"Leaf.11"	"Leaf"	11	10	2	278.133039999917	-297.615305306565
"Leaf.11"	"Leaf"	11	10	3	273.813124825932	-293.831785364573
"Leaf.11"	"Leaf"	11	10	4	273.636155291667	-290.867247800903
"Leaf.11"	"Leaf"	11	10	5	272.47695041781	-287.105674375703
"Leaf.11"	"Leaf"	11	10	6	271.050358245923	-284.45654077857
"Leaf.11"	"Leaf"	11	10	7	269.392512505965	-277.704432274939
"Leaf.11"	"Leaf"	11	10	8	267.808095783054	-270.633149656086
"Leaf.11"	"Leaf"	11	10	9	269.318994032278	-267.281791889358
"Leaf.11"	"Leaf"	11	10	10	271.19278228838	-259.338286676095
"Leaf.11"	"Leaf"	11	10	11	274.773823635819	-251.065642301981
"Leaf.11"	"Leaf"	11	10	12	278.793717197729	-245.069335382983
"Leaf.11"	"Leaf"	11	10	13	282.006159584908	-240.77238959544
"Leaf.11"	"Leaf"	11	10	14	284.983391945089	-237.610455751503
"Leaf.11"	"Leaf"	11	10	15	287.844597683748	-234.788709812253
"Leaf.11"	"Leaf"	11	10	16	292.383856262182	-235.843208953803
"Leaf.11"	"Leaf"	11	10	17	295.556049653965	-237.342873877728
"Leaf.11"	"Leaf"	11	10	18	298.954771916876	-238.957776227187
"Leaf.11"	"Leaf"	11	10	19	302.692103692497	-240.916023265286
"Leaf.11"	"Leaf"	11	10	20	305.065527065421	-242.864799951527
"Leaf.11"	"Leaf"	11	10	21	310.143091364095	-248.242288348228
"Leaf.11"	"Leaf"	11	10	22	313.417105849614	-251.447627971514
"Leaf.11"	"Leaf"	11	10	23	317.241263995196	-257.271071346579
"Leaf.11"	"Leaf"	11	10	24	319.885426025847	-269.337869607463
"Leaf.11"	"Leaf"	11	10	25	320.269034521145	-279.570339411652
"Leaf.11"	"Leaf"	11	10	26	319.869656917347	-287.978740306993
"Leaf.11"	"Leaf"	11	10	27	318.219743564798	-294.685531652174
"Leaf.11"	"Leaf"	11	10	28	316.330985081138	-293.562570819839
"Leaf.11"	"Leaf"	11	10	29	313.297646333105	-290.626589537433
"Leaf.11"	"Leaf"	11	10	30	303.585572539495	-290.003930669493
"Leaf.11"	"Leaf"	11	10	31	300.116561717683	-289.841037780852
"Leaf.11"	"Leaf"	11	10	32	292.886485764503	-291.595309237948
"Leaf.11"	"Leaf"	11	10	33	288.162501557274	-292.256536442048
"Leaf.11"	"Leaf"	11	10	34	284.400472669687	-294.312499770907
"Leaf.13"	"Leaf"	13	11	1	317.798880728417	-299.068456210339
"Leaf.13"	"Leaf"	13	11	2	319.943565299749	-297.228738231307
"Leaf.13"	"Leaf"	13	11	3	323.351197963142	-298.031872237429
"Leaf.13"	"Leaf"	13	11	4	326.480955608114	-299.151115940257
"Leaf.13"	"Leaf"	13	11	5	329.592745860498	-300.064560287042
"Leaf.13"	"Leaf"	13	11	6	331.632802432663	-301.244790091749
"Leaf.13"	"Leaf"	13	11	7	333.400491365736	-303.37260947682
"Leaf.13"	"Leaf"	13	11	8	334.97691730283	-307.065243684919
"Leaf.13"	"Leaf"	13	11	9	334.087201286902	-312.74010670002
"Leaf.13"	"Leaf"	13	11	10	330.593490003984	-316.105485950908
"Leaf.13"	"Leaf"	13	11	11	329.376239104821	-317.065501913548
"Leaf.13"	"Leaf"	13	11	12	325.252603587478	-318.166748611867
"Leaf.13"	"Leaf"	13	11	13	323.070853877972	-318.555127876734
"Leaf.13"	"Leaf"	13	11	14	320.485034936634	-319.02140713696
"Leaf.13"	"Leaf"	13	11	15	319.032402983506	-319.011320729626
"Leaf.13"	"Leaf"	13	11	16	317.180184646251	-318.43352011626
"Leaf.13"	"Leaf"	13	11	17	315.977503002127	-317.295289924383
"Leaf.13"	"Leaf"	13	11	18	315.433884102505	-314.224699976039
"Leaf.13"	"Leaf"	13	11	19	315.38624332915	-309.462734884825
"Leaf.13"	"Leaf"	13	11	20	315.580147525352	-304.783152636674
"Leaf.13"	"Leaf"	13	11	21	315.281435731066	-301.31073488035
"Leaf.09"	"Leaf"	9	12	1	182.310635251722	-281.011596227524
"Leaf.09"	"Leaf"	9	12	2	165.850380362409	-282.921549096864
"Leaf.09"	"Leaf"	9	12	3	155.972119216388	-284.371142974894
"Leaf.09"	"Leaf"	9	12	4	142.031507901791	-287.816775063315
"Leaf.09"	"Leaf"	9	12	5	136.451046951085	-289.802272211535
"Leaf.09"	"Leaf"	9	12	6	136.182216894142	-292.077681541037
"Leaf.09"	"Leaf"	9	12	7	132.355574688904	-294.649563919302
"Leaf.09"	"Leaf"	9	12	8	128.920863382042	-295.153593566791
"Leaf.09"	"Leaf"	9	12	9	125.464161055779	-298.82474272532
"Leaf.09"	"Leaf"	9	12	10	122.533479396406	-302.763483679671
"Leaf.09"	"Leaf"	9	12	11	121.464944798074	-304.603639721311
"Leaf.09"	"Leaf"	9	12	12	119.329708186362	-308.020025178671
"Leaf.09"	"Leaf"	9	12	13	117.185308649898	-312.756043765632
"Leaf.09"	"Leaf"	9	12	14	115.827191236345	-318.289339985204
"Leaf.09"	"Leaf"	9	12	15	118.156716245873	-324.903998897758
"Leaf.09"	"Leaf"	9	12	16	119.973048683161	-329.403579633051
"Leaf.09"	"Leaf"	9	12	17	122.31906695724	-333.642898912324
"Leaf.09"	"Leaf"	9	12	18	129.683356293701	-337.389184053809
"Leaf.09"	"Leaf"	9	12	19	134.393718691361	-343.228556353154
"Leaf.09"	"Leaf"	9	12	20	141.495913986852	-346.709082283769
"Leaf.09"	"Leaf"	9	12	21	145.971671117793	-348.323795983442
"Leaf.09"	"Leaf"	9	12	22	149.125962534183	-350.193273384285
"Leaf.09"	"Leaf"	9	12	23	155.703969747735	-353.142280893159
"Leaf.09"	"Leaf"	9	12	24	159.397109925666	-353.431863708381
"Leaf.09"	"Leaf"	9	12	25	163.350511559618	-354.251132360394
"Leaf.09"	"Leaf"	9	12	26	169.94317945277	-355.088726861907
"Leaf.09"	"Leaf"	9	12	27	181.022599986565	-355.957475307573
"Leaf.09"	"Leaf"	9	12	28	185.247258586236	-355.722870040855
"Leaf.09"	"Leaf"	9	12	29	197.129454507492	-355.013556485851
"Leaf.09"	"Leaf"	9	12	30	205.063746549647	-352.693194401074
"Leaf.09"	"Leaf"	9	12	31	215.107619014212	-350.651419621818
"Leaf.09"	"Leaf"	9	12	32	224.782489069038	-346.203894806337
"Leaf.09"	"Leaf"	9	12	33	235.742008869903	-339.18796977348
"Leaf.09"	"Leaf"	9	12	34	244.697523160428	-332.703670071634
"Leaf.09"	"Leaf"	9	12	35	250.3875295157	-325.105615741646
"Leaf.09"	"Leaf"	9	12	36	256.785948779272	-320.240181416744
"Leaf.09"	"Leaf"	9	12	37	261.171524338432	-317.179238240143
"Leaf.09"	"Leaf"	9	12	38	265.536898311145	-317.027702645916
"Leaf.09"	"Leaf"	9	12	39	270.409558287822	-318.200426022624
"Leaf.09"	"Leaf"	9	12	40	269.779904652945	-314.233756782664
"Leaf.09"	"Leaf"	9	12	41	270.610846971523	-310.994159341396
"Leaf.09"	"Leaf"	9	12	42	272.686956969029	-308.425724995251
"Leaf.09"	"Leaf"	9	12	43	264.604915295129	-308.910321350417
"Leaf.09"	"Leaf"	9	12	44	262.083514876719	-307.627660595026
"Leaf.09"	"Leaf"	9	12	45	257.813824180522	-303.043461905819
"Leaf.09"	"Leaf"	9	12	46	253.029312338474	-299.720841847666
"Leaf.09"	"Leaf"	9	12	47	250.723116151187	-298.11163696999
"Leaf.09"	"Leaf"	9	12	48	240.276686828052	-295.851127124782
"Leaf.09"	"Leaf"	9	12	49	240.276686828052	-295.851127124782
"Leaf.09"	"Leaf"	9	12	50	240.151723345783	-295.835965863899
"Leaf.09"	"Leaf"	9	12	51	229.793777927808	-293.486769099212
"Leaf.09"	"Leaf"	9	12	52	222.487865667349	-288.881488285667
"Leaf.09"	"Leaf"	9	12	53	215.675692428403	-286.050850405331
"Leaf.09"	"Leaf"	9	12	54	201.276478966191	-282.661470286772
"Leaf.09"	"Leaf"	9	12	55	191.415786257119	-281.580879527917
"Leaf.09"	"Leaf"	9	12	56	182.310635251722	-281.011596227524
"Leaf.09"	"Leaf"	9	12	57	182.310635251722	-281.011596227524
"Leaf.02"	"Leaf"	2	13	1	393.084450669765	-347.893902953961
"Leaf.02"	"Leaf"	2	13	2	388.049115954621	-348.653160347685
"Leaf.02"	"Leaf"	2	13	3	385.133438449791	-349.162395518568
"Leaf.02"	"Leaf"	2	13	4	380.207592328842	-351.888334343593
"Leaf.02"	"Leaf"	2	13	5	386.941925346151	-361.569811205545
"Leaf.02"	"Leaf"	2	13	6	389.173046440817	-369.589115152095
"Leaf.02"	"Leaf"	2	13	7	391.989733862103	-375.611531984279
"Leaf.02"	"Leaf"	2	13	8	394.514630479112	-382.48947404861
"Leaf.02"	"Leaf"	2	13	9	394.766726922026	-387.350681817895
"Leaf.02"	"Leaf"	2	13	10	392.440339360091	-393.051537074782
"Leaf.02"	"Leaf"	2	13	11	390.419635628909	-395.896010549021
"Leaf.02"	"Leaf"	2	13	12	383.253872196439	-398.704759098034
"Leaf.02"	"Leaf"	2	13	13	374.379043017743	-400.644089388424
"Leaf.02"	"Leaf"	2	13	14	367.516978697956	-400.882292804861
"Leaf.02"	"Leaf"	2	13	15	360.365992522449	-400.037433818027
"Leaf.02"	"Leaf"	2	13	16	360.36599252245	-400.037433818027
"Leaf.02"	"Leaf"	2	13	17	361.410979082587	-410.417391648006
"Leaf.02"	"Leaf"	2	13	18	368.222203388179	-420.789551362244
"Leaf.02"	"Leaf"	2	13	19	373.465282990252	-428.238680991494
"Leaf.02"	"Leaf"	2	13	20	384.795254259947	-435.994815339815
"Leaf.02"	"Leaf"	2	13	21	392.716856159285	-438.961960905755
"Leaf.02"	"Leaf"	2	13	22	403.300437050533	-439.829668856818
"Leaf.02"	"Leaf"	2	13	23	422.634726746351	-438.640216528917
"Leaf.02"	"Leaf"	2	13	24	427.670061461494	-437.880959135192
"Leaf.02"	"Leaf"	2	13	25	432.977476139955	-436.064630353871
"Leaf.02"	"Leaf"	2	13	26	437.770141212415	-432.126806217197
"Leaf.02"	"Leaf"	2	13	27	443.084908471034	-429.251567903239
"Leaf.02"	"Leaf"	2	13	28	450.844719109434	-417.392141867226
"Leaf.02"	"Leaf"	2	13	29	451.263850675923	-395.156879826896
"Leaf.02"	"Leaf"	2	13	30	448.412508247481	-386.400656587207
"Leaf.02"	"Leaf"	2	13	31	445.044578067998	-375.787665375325
"Leaf.02"	"Leaf"	2	13	32	438.479699695168	-368.064617637718
"Leaf.02"	"Leaf"	2	13	33	431.372499540743	-362.190985292146
"Leaf.02"	"Leaf"	2	13	34	425.844472960074	-357.652018732607
"Leaf.02"	"Leaf"	2	13	35	421.099599658645	-354.706930907143
"Leaf.02"	"Leaf"	2	13	36	417.143394071575	-352.561539666275
"Leaf.02"	"Leaf"	2	13	37	408.688661115838	-350.120172576574
"Leaf.02"	"Leaf"	2	13	38	403.934597089211	-348.498721666905
"Leaf.02"	"Leaf"	2	13	39	397.320088800311	-347.923313274596
"Leaf.02"	"Leaf"	2	13	40	393.084450669765	-347.893902953961
"Leaf.02"	"Leaf"	2	13	41	393.084450669765	-347.893902953961
"Cotyledon.00"	"Cotyledon"	0	14	1	344.047603868864	-252.76293337205
"Cotyledon.00"	"Cotyledon"	0	14	2	337.311764308605	-252.876521157835
"Cotyledon.00"	"Cotyledon"	0	14	3	333.77180319637	-254.615883189689
"Cotyledon.00"	"Cotyledon"	0	14	4	326.684087165722	-259.217061613294
"Cotyledon.00"	"Cotyledon"	0	14	5	320.715485292323	-264.307085711602
"Cotyledon.00"	"Cotyledon"	0	14	6	319.471360548419	-267.448255988854
"Cotyledon.00"	"Cotyledon"	0	14	7	319.885426025847	-269.337869607463
"Cotyledon.00"	"Cotyledon"	0	14	8	320.269034521145	-279.570339411652
"Cotyledon.00"	"Cotyledon"	0	14	9	319.869656917347	-287.978740306993
"Cotyledon.00"	"Cotyledon"	0	14	10	318.823857064552	-292.229849245947
"Cotyledon.00"	"Cotyledon"	0	14	11	318.823857064552	-292.229849245947
"Cotyledon.00"	"Cotyledon"	0	14	12	321.191470602941	-293.95337953771
"Cotyledon.00"	"Cotyledon"	0	14	13	321.191470602941	-293.95337953771
"Cotyledon.00"	"Cotyledon"	0	14	14	323.269918766186	-291.945482989497
"Cotyledon.00"	"Cotyledon"	0	14	15	328.802857986446	-287.659971981578
"Cotyledon.00"	"Cotyledon"	0	14	16	333.148412845669	-284.545469738884
"Cotyledon.00"	"Cotyledon"	0	14	17	338.274640215043	-282.222557070213
"Cotyledon.00"	"Cotyledon"	0	14	18	341.831334766212	-279.495661816626
"Cotyledon.00"	"Cotyledon"	0	14	19	350.129378963617	-273.263928065269
"Cotyledon.00"	"Cotyledon"	0	14	20	351.636749501419	-271.507370953613
"Cotyledon.00"	"Cotyledon"	0	14	21	351.636749501419	-271.507370953613
"Cotyledon.00"	"Cotyledon"	0	14	22	351.218845861474	-259.227061325446
"Cotyledon.00"	"Cotyledon"	0	14	23	350.913732228142	-256.979925803889
"Cotyledon.00"	"Cotyledon"	0	14	24	348.375957284723	-252.953345818715
"Cotyledon.00"	"Cotyledon"	0	14	25	344.047603868864	-252.76293337205
"Cotyledon.00"	"Cotyledon"	0	14	26	344.047603868864	-252.76293337205
"Cotyledon.00"	"Cotyledon"	0	15	1	253.286024535857	-336.925811573199
"Cotyledon.00"	"Cotyledon"	0	15	2	248.366806643792	-338.853986602535
"Cotyledon.00"	"Cotyledon"	0	15	3	237.55292928537	-341.88592538868
"Cotyledon.00"	"Cotyledon"	0	15	4	230.325132749037	-346.578040779502
"Cotyledon.00"	"Cotyledon"	0	15	5	228.670633174172	-349.346522764838
"Cotyledon.00"	"Cotyledon"	0	15	6	228.651331272811	-352.126358809797
"Cotyledon.00"	"Cotyledon"	0	15	7	228.463967980251	-355.559138518196
"Cotyledon.00"	"Cotyledon"	0	15	8	228.583166793446	-358.992968037594
"Cotyledon.00"	"Cotyledon"	0	15	9	228.583166793446	-358.992968037594
"Cotyledon.00"	"Cotyledon"	0	15	10	231.042695672862	-357.215442396221
"Cotyledon.00"	"Cotyledon"	0	15	11	242.295932923624	-350.151037361767
"Cotyledon.00"	"Cotyledon"	0	15	12	248.474991841392	-346.043234641081
"Cotyledon.00"	"Cotyledon"	0	15	13	254.666484884945	-342.255669781008
"Cotyledon.00"	"Cotyledon"	0	15	14	254.819131316496	-347.157659551605
"Cotyledon.00"	"Cotyledon"	0	15	15	247.649466829132	-354.919250153878
"Cotyledon.00"	"Cotyledon"	0	15	16	235.147743419997	-367.451679531969
"Cotyledon.00"	"Cotyledon"	0	15	17	235.147743419997	-367.451679531969
"Cotyledon.00"	"Cotyledon"	0	15	18	238.179779920446	-369.362923333385
"Cotyledon.00"	"Cotyledon"	0	15	19	247.014388981226	-368.77015618595
"Cotyledon.00"	"Cotyledon"	0	15	20	252.762559769667	-365.212460512921
"Cotyledon.00"	"Cotyledon"	0	15	21	258.706235447334	-359.865301391454
"Cotyledon.00"	"Cotyledon"	0	15	22	258.706235447334	-359.865301391454
"Cotyledon.00"	"Cotyledon"	0	15	23	258.180134879633	-359.190840518968
"Cotyledon.00"	"Cotyledon"	0	15	24	257.793358198272	-357.749818447854
"Cotyledon.00"	"Cotyledon"	0	15	25	257.167557987053	-355.017593663604
"Cotyledon.00"	"Cotyledon"	0	15	26	255.322534384384	-349.301034590926
"Cotyledon.00"	"Cotyledon"	0	15	27	255.188900310435	-347.117803084841
"Cotyledon.00"	"Cotyledon"	0	15	28	255.121046938757	-342.60393128891
"Cotyledon.00"	"Cotyledon"	0	15	29	255.499334101567	-341.282784155779
"Cotyledon.00"	"Cotyledon"	0	15	30	255.877359453918	-340.466226771156
"Cotyledon.00"	"Cotyledon"	0	15	31	256.858363924619	-338.611260644927
"Cotyledon.00"	"Cotyledon"	0	15	32	257.372359019844	-337.153595740133
"Cotyledon.00"	"Cotyledon"	0	15	33	257.372359019844	-337.153595740133
"Cotyledon.00"	"Cotyledon"	0	15	34	253.286024535857	-336.925811573199
"Cotyledon.00"	"Cotyledon"	0	15	35	253.286024535857	-336.925811573199
